0000000000000000
0111111111111111
0000000000000000
0111111111111111
0000000000000011
1000000000000000
0000000000000100
0111111111111111
0000000000000001
1110111010000100
1111111111111010
1010011101111010
1111111111111101
0101111010110101
0000000000000010
1000000000000000
1111111111111110
1000000000000000
0000000000000111
0111111111111111
0000000000000000
0111111111111111
1111111111111111
0111111111111111
1111111111111100
0000011001101001
1111111111111110
1000000000000000
1111111111111111
0111111111111111
0000000000000001
1000000000000000
1111111111111111
1000000000000000
0000000000000010
1111100111100001
0000000000000000
0111111111111111
1111111111111100
1000011111101000
1111111111111111
1101101100011100
0000000000000011
1000111110010010
0000000000000001
1000000000000000
1111111111111111
1000000000000000
1111111111111110
1001101010001110
0000000000000001
1000000000000000
1111111111111111
1000100011110101
1111111111111110
1000000000000000
1111111111111001
1000000000000000
0000000000000011
1000000000000000
1111111111111111
1000000000000000
1111111111111110
1011000101100100
0000000000000000
0111111111111111
0000000000000000
0111111111111111
1111111111111000
1000000000000000
1111111111111110
1000000000000000
0000000000000001
0011110101001010
1111111111111110
0111111111111111
1111111111111111
1000000000000000
0000000000000001
1000000000000000
0000000000000000
1000000000000000
0000000000000001
1000000000000000
1111111111111111
1000000000000000
1111111111111111
0111111111111111
0000000000000010
1000000000000000
0000000000000000
1000000000000000
1111111111111111
1000000000000000
0000000000000000
0111111111111111
0000000000000000
0111111111111111
0000000000000111
0111111111111111
1111111111111100
0111111111111111
0000000000000010
1110101100110110
0000000000000000
0000010101010101
1111111111111111
1000000000000000
0000000000000000
1000000000000000
1111111111111000
1111110101000111
0000000000000000
1000000000000000
1111111111111111
1000000000000000
0000000000000000
0111111111111111
1111111111111110
1000000000000000
0000000000000000
1000000000000000
0000000000000010
0111111111111111
1111111111111110
0111111111111111
1111111111111101
0111111111111111
0000000000000000
1000000000000000
0000000000000000
1111100001010011
1111111111111100
0111111111111111
1111111111111101
1010110000000111
0000000000000111
0111010011011101
0000000000000010
1000000000000000
0000000000000000
0000001101100100
1111111111111110
1000000000000000
0000000000000111
0111111111111111
0000000000000110
1000000000000000
0000000000000001
0011001101000100
0000000000000001
0111111111111111
1111111111111101
0100100011111001
0000000000000010
0111111111111111
0000000000000010
0111111111111111
0000000000000111
0001111011101011
1111111111111001
1001110101001110
0000000000000000
0111111111111111
0000000000000110
0111111111111111
0000000000000001
1000000000000000
1111111111111100
0111111111111111
0000000000000111
0111111111111111
0000000000000110
1000000000000000
0000000000000000
1000000000000000
0000000000000111
0101001010011000
1111111111111101
0111111111111111
1111111111111101
0111111111111111
0000000000000100
0111111111111111
0000000000000001
0111111111111111
1111111111111111
0000100011001011
0000000000000100
0000000010010010
0000000000000000
0100101001010100
1111111111111010
0111111111111111
0000000000000111
1000000000000000
0000000000000001
0100010001000110
0000000000000000
0111001011011100
1111111111111110
1000000000000000
1111111111111100
0111111111111111
0000000000001000
1000000000000000
1111111111111110
1000000000000000
0000000000001000
1000000000000000
1111111111111100
0111111111111111
0000000000000000
1000000000000000
0000000000000111
1000000000000000
1111111111111011
1000000000000000
0000000000000000
0111111111111111
0000000000000010
0111111111111111
0000000000000000
0111111111111111
1111111111111100
1100010011001110
1111111111111000
1000000000000000
1111111111111011
1111000101000110
1111111111111111
1111111000010100
1111111111111111
0111111111111111
1111111111111111
0101101001011101
0000000000000111
0111111111111111
1111111111111111
0111111111111111
0000000000000000
0111111111111111
1111111111111110
1000000000000000
0000000000000010
0111111111111111
1111111111111110
1101110011110100
0000000000000001
1000000000000000
1111111111111111
0111111111111111
1111111111111100
1011010111011110
1111111111111111
0111010111000110
0000000000000101
0000011000000111
0000000000000100
0111111111111111
0000000000000000
0111111111111111
0000000000000010
0111111111111111
0000000000000000
0111111111111111
0000000000000001
0010111011001100
1111111111111001
0111111111111111
0000000000000010
0000110001110000
1111111111111010
1000000000000000
0000000000000110
0111111111111111
0000000000000010
1000000000000000
0000000000000100
0111111111111111
0000000000000000
1000000000000000
1111111111111111
0111111111111111
1111111111111110
1000000000000000
0000000000000011
1000000000000000
0000000000000000
1000000000000000
0000000000000011
1101110111110001
0000000000000010
1000000000000000
0000000000000100
0111000011101110
1111111111111101
1000000000000000
1111111111111110
1000000000000000
0000000000000000
0111111111111111
0000000000000011
1000000000000000
0000000000000010
0001111101100111
0000000000000000
0111111111111111
1111111111111011
1000000000000000
1111111111111101
1000000000000000
0000000000000000
0111111111111111
0000000000000001
0110001000111011
1111111111111101
1000000000000000
1111111111111101
0101010011101000
0000000000001000
0111001001000000
0000000000000000
0101010010000011
0000000000000010
1000000000000000
0000000000000001
1000000000000000
1111111111111101
0001111100110011
1111111111111010
0111111111111111
0000000000000000
1000000000000000
1111111111111110
0111111111111111
1111111111111111
1110011110001110
0000000000000000
1000000000000000
1111111111111011
0111111111111111
0000000000000001
0111111111111111
0000000000000000
0000110110001111
0000000000000000
0111111111111111
0000000000000000
1110011011101110
0000000000000001
1000000000000000
1111111111111100
1000000000000000
0000000000000000
1111001101110000
0000000000000001
0111111111111111
0000000000000001
1000000000000000
0000000000000110
0111111111111111
0000000000000110
1000000000000000
1111111111111110
1000000000000000
0000000000000000
1001100101100111
0000000000000000
0111111111111111
0000000000000011
1000000000000000
1111111111110111
0111111001010001
0000000000000000
0001111100001000
1111111111111111
1000000000000000
1111111111111111
1000000000000000
1111111111111101
1000000000000000
0000000000000010
1000000000000000
0000000000000010
1000000000000000
1111111111111010
1000000000000000
0000000000000000
1000000000000000
0000000000000001
1000000000000000
0000000000000001
1000000000000000
0000000000000000
1000000000000000
0000000000000000
0111111111111111
1111111111111111
1000000000000000
0000000000000001
0111111111111111
0000000000000010
1101001011001110
1111111111111101
1000000000000000
0000000000000011
1000000000000000
1111111111111101
0011000001000101
1111111111111111
0011010001110010
0000000000000000
1110101111000001
1111111111111010
0111111111111111
0000000000000000
1000000000000000
0000000000000101
1000000000000000
0000000000000001
1000101001101111
1111111111111100
1000000000000000
0000000000000001
0101110111110000
1111111111111111
0011111100111110
0000000000000001
1000000000000000
0000000000000001
0111111111111111
0000000000000000
0111111111111111
0000000000000001
0111111111111111
0000000000000100
0110111010010010
0000000000000000
1000000000000000
0000000000000010
1011001011100010
1111111111111010
0100000000110010
1111111111111011
0111111111111111
1111111111111111
1000000000000000
0000000000000000
0010100111000111
1111111111111101
1000000000000000
1111111111111111
1000000000000000
1111111111111100
1000000000000000
1111111111111111
1000000000000000
1111111111111100
1000000000000000
1111111111111000
0111000001111101
1111111111111000
1000000000000000
1111111111111001
1011100001000111
0000000000000001
1000000000000000
0000000000000010
1000000000000000
0000000000000001
1000000000000000
0000000000000000
0111111111111111
0000000000000000
0001000100010000
0000000000000000
1101101010110100
0000000000000011
0111111111111111
1111111111111101
1100001010010111
0000000000000010
0111111111111111
1111111111111100
1000000000000000
1111111111111111
0111111111111111
0000000000000000
0111111111111111
0000000000000000
0111111111111111
1111111111111111
0111111111111111
1111111111111111
1000000000000000
1111111111111110
1000000000000000
0000000000000000
1000000000000000
0000000000000000
1000000000000000
0000000000000001
1000000000000000
0000000000000011
0111111111111111
0000000000000010
0111111111111111
1111111111111110
0111111111111111
1111111111111000
1111100100010101
1111111111111110
1000000000000000
0000000000000100
1000000000000000
0000000000000000
0111111111111111
0000000000000000
0111111111111111
1111111111111100
0111111111111111
1111111111111110
1000000000000000
1111111111111110
0111010000010110
1111111111111110
1101110101110001
0000000000000101
1111110000010100
0000000000000111
1000000000000000
1111111111111100
0111011111100111
1111111111111110
1100011010111101
1111111111111101
0111111111111111
0000000000000000
0111111111111111
0000000000000000
0111111111111111
0000000000000010
0111111111111111
1111111111111011
1000000000000000
0000000000000000
0111111111111111
1111111111111011
1000000000000000
0000000000000000
1010011001111100
0000000000000110
0111111111111111
0000000000000011
1000000000000000
0000000000000000
1000000000000000
1111111111111011
0111111111111111
1111111111111111
1011010000011010
0000000000000010
0111111111111111
0000000000000000
1000000000000000
1111111111111111
0111111111111111
0000000000000001
0111111111111111
0000000000000000
0111111111111111
0000000000000001
0100101101100111
1111111111111101
1011001100101010
1111111111111111
0001111101100010
1111111111111111
1000000000000000
1111111111111011
0111111111111111
0000000000000011
1000000000000000
1111111111111110
0100011100001010
1111111111111101
1000000000000000
0000000000000000
0111111111111111
0000000000000101
0111111111111111
0000000000000000
1000000000000000
0000000000000011
1001011010001001
0000000000000100
1000000000000000
0000000000000001
0111111111111111
1111111111111110
0111111111111111
0000000000000110
1100100111010101
1111111111111111
1000000000000000
0000000000000001
1000000000000000
0000000000000001
0111111111111111
0000000000000010
0000100000111111
1111111111111111
1000000000000000
1111111111111111
1000000000000000
1111111111111111
0010100100110010
1111111111111101
1000000000000000
0000000000000110
1000000000000000
0000000000000000
0011111011000001
0000000000000011
1000000000000000
1111111111110111
0111111111111111
1111111111111101
1010101101011011
0000000000000000
1101010101001100
0000000000000011
0111111111111111
1111111111111110
1000000011100110
0000000000000001
1000000000000000
0000000000000111
1000000000000000
1111111111111110
1000000000000000
1111111111111010
0111111111111111
1111111111111111
0111111111111111
1111111111111101
1000000000000000
1111111111111010
0111111111111111
0000000000000100
1000000000000000
0000000000000000
1111100000110001
0000000000000000
1000000000000000
1111111111111010
1000000000000000
1111111111111101
1000000000000000
1111111111111100
1101011011001000
0000000000000011
0111111111111111
1111111111111101
0111111111111111
0000000000000100
1000000000000000
0000000000000101
0111111111111111
0000000000000000
0111111111111111
0000000000000000
1000000000000000
1111111111111111
1010000001011110
1111111111111110
0111001101000011
0000000000000000
0111111111111111
1111111111111110
0111100110110101
0000000000000000
1000000000000000
0000000000000011
1111101011110001
1111111111111111
1000000000000000
1111111111111101
0110001010000101
0000000000001000
1111100111000000
0000000000000000
1000000000000000
0000000000000000
0111111111111111
1111111111111101
1000000000000000
1111111111111010
0111111111111111
0000000000000101
1000000000000000
0000000000000000
0111111111111111
1111111111111110
1000000000000000
0000000000000011
1000000000000000
0000000000000001
0111000001010010
1111111111110111
0111111111111111
1111111111111100
1000000000000000
0000000000000000
0111111111111111
1111111111111110
1000000000000000
1111111111111110
1001111110100101
0000000000000010
0001010110001101
1111111111111101
1000000000000000
0000000000000011
0111111111111111
0000000000000011
0111111111111111
0000000000000000
0111111111111111
0000000000000000
1111001110001110
1111111111111001
1000000000000000
0000000000000001
0111111111111111
0000000000000110
0111111111111111
0000000000000110
1000000000000000
1111111111111000
1000000000000000
0000000000000000
1000000000000000
0000000000000010
1000000000000000
1111111111111111
0000100100000101
1111111111111110
0011001001001001
0000000000000010
1101101110100001
0000000000000011
1000000000000000
0000000000000000
0111111111111111
0000000000000000
0111000001110111
0000000000001000
0111111111111111
0000000000001000
1000000000000000
0000000000000000
0111111111111111
1111111111111101
0000101110000011
1111111111111110
1000000000000000
0000000000000110
1000000000000000
1111111111111101
1000000000000000
0000000000000001
0011011001100000
1111111111111110
1010100110111100
0000000000000000
1000000000000000
1111111111111110
1000000000000000
0000000000000001
0111111111111111
0000000000000011
1000000000000000
0000000000000010
0110000111101101
1111111111111110
0111111111111111
1111111111111011
1000000000000000
0000000000000001
1000000000000000
0000000000000001
0111111111111111
0000000000000101
1000000000000000
1111111111111111
1000000000000000
0000000000000100
1000000000000000
1111111111111111
0111111111111111
1111111111111111
0111111111111111
0000000000000000
1101011011010100
0000000000000011
0111111111111111
0000000000000011
1000000000000000
0000000000000001
1100101110000011
1111111111111111
1000000000000000
0000000000001000
0011110011100110
0000000000000011
1000000000000000
0000000000000000
0111100011100000
0000000000000101
1000000000000000
1111111111111001
0111111111111111
1111111111111110
1000000000000000
1111111111111100
1000000000000000
0000000000000100
0111111111111111
1111111111111101
0111111111111111
0000000000000001
1100010010010010
0000000000000000
1000000000000000
1111111111111110
1000000000000000
0000000000000000
0100101000010111
1111111111111101
1000000000000000
0000000000000000
1000011000000001
1111111111111101
0111111111111111
0000000000000111
0111111111111111
0000000000000001
1000000000000000
1111111111111100
1000000000000000
0000000000000000
1111001001000100
0000000000000000
0000101100000100
0000000000000001
0111111111111111
1111111111111001
0000000110011010
0000000000000000
1000000000000000
0000000000000000
0100111010101111
1111111111111110
1111111101101110
1111111111111110
1000000000000000
1111111111110111
1000000000000000
1111111111111111
1000000000000000
1111111111111100
0111111111111111
0000000000000000
0001100010010100
0000000000000010
1000000000000000
0000000000000011
1000000000000000
0000000000000000
0111111111111111
1111111111111110
1000000000000000
1111111111111001
1000000000000000
0000000000000000
0111111111111111
0000000000000100
0111111111111111
0000000000000000
1000000000000000
1111111111111111
0111111111111111
1111111111111011
0111111111111111
0000000000000000
1000000000000000
0000000000000000
0001010100100011
0000000000000011
0111111111111111
0000000000000010
0111111111111111
0000000000000000
1000000000000000
1111111111111101
0111111111111111
0000000000000101
1001000110101101
0000000000000101
0111111111111111
0000000000000100
0111111111111111
1111111111111011
0001001000001111
0000000000000011
1000000000000000
0000000000000101
0111111111111111
1111111111111101
0111111111111111
0000000000000100
0111111111111111
1111111111111001
0111111111111111
0000000000000000
1000000000000000
1111111111111110
1010111101101010
1111111111111111
1000000000000000
1111111111111111
0100111100101000
1111111111111010
0000000101010011
0000000000000010
1000000000000000
0000000000000110
1001110111110011
1111111111111110
0111111111111111
1111111111111100
1000000000000000
0000000000000001
1101010000101011
1111111111111111
0111111111111111
1111111111111111
0111111111111111
0000000000000000
0111111111111111
0000000000000111
1000000000000000
1111111111111111
1000000000000000
1111111111111100
1000000000000000
0000000000000100
0111111111111111
0000000000000000
0000001010001101
0000000000000000
0111111111111111
1111111111111000
0101011110110111
1111111111111010
0111111111111111
1111111111111111
0111111111111111
1111111111111110
0111111111111111
0000000000000000
1000000000000000
1111111111111110
1000000000000000
0000000000000110
0111111111111111
1111111111111101
0101100111011001
0000000000000101
1000000000000000
1111111111111110
0111111111111111
0000000000000000
1000000000000000
0000000000000000
0111111111111111
0000000000000110
1000000000000000
0000000000000001
1000000000000000
0000000000000000
0111111111111111
0000000000000110
1000000000000000
0000000000000000
0111111111111111
0000000000000101
0001111110101001
