001111110110000000000000000000000000
001111110110000001100000000000000000
001111110110000010110000000000000000
001111110110000100000000000000000000
001111110110000101010000000000000000
001111110110000110100000000000000000
001111110110000111110000000000000000
001111110110001001000000000000000000
001111110110001010010000000000000000
001111110110001011110000000000000000
001111110110001101000000000000000000
001111110110001110010000000000000000
001111110110001111100000000000000000
001111110110010000110000000000000000
001111110110010010000000000000000000
001111110110010011010000000000000000
001111110110010100100000000000000000
001111110110010110000000000000000000
001111110110010111010000000000000000
001111110110011000100000000000000000
001111110110011001110000000000000000
001111110110011011000000000000000000
001111110110011100010000000000000000
001111110110011101100000000000000000
001111110110011110110000000000000000
001111110110100000000000000000000000
001111110110100001100000000000000000
001111110110100010110000000000000000
001111110110100100000000000000000000
001111110110100101010000000000000000
001111110110100110100000000000000000
001111110110100111110000000000000000
001111110110101001000000000000000000
001111110110101010010000000000000000
001111110110101011110000000000000000
001111110110101101000000000000000000
001111110110101110010000000000000000
001111110110101111100000000000000000
001111110110110000110000000000000000
001111110110110010000000000000000000
001111110110110011010000000000000000
001111110110110100100000000000000000
001111110110110110000000000000000000
001111110110110111010000000000000000
001111110110111000100000000000000000
001111110110111001110000000000000000
001111110110111011000000000000000000
001111110110111100010000000000000000
001111110110111101100000000000000000
001111110110111110110000000000000000
001111110111000000000000000000000000
001111110111000001100000000000000000
001111110111000010110000000000000000
001111110111000100000000000000000000
001111110111000101010000000000000000
001111110111000110100000000000000000
001111110111000111110000000000000000
001111110111001001000000000000000000
001111110111001010010000000000000000
001111110111001011110000000000000000
001111110111001101000000000000000000
001111110111001110010000000000000000
001111110111001111100000000000000000
001111110111010000110000000000000000
001111110111010010000000000000000000
001111110111010011010000000000000000
001111110111010100100000000000000000
001111110111010110000000000000000000
001111110111010111010000000000000000
001111110111011000100000000000000000
001111110111011001110000000000000000
001111110111011011000000000000000000
001111110111011100010000000000000000
001111110111011101100000000000000000
001111110111011110110000000000000000
001111110111100000000000000000000000
001111110111100001100000000000000000
001111110111100010110000000000000000
001111110111100100000000000000000000
001111110111100101010000000000000000
001111110111100110100000000000000000
001111110111100111110000000000000000
001111110111101001000000000000000000
001111110111101010010000000000000000
001111110111101011110000000000000000
001111110111101101000000000000000000
001111110111101110010000000000000000
001111110111101111100000000000000000
001111110111110000110000000000000000
001111110111110010000000000000000000
001111110111110011010000000000000000
001111110111110100100000000000000000
001111110111110110000000000000000000
001111110111110111010000000000000000
001111110111111000100000000000000000
001111110111111001110000000000000000
001111110111111011000000000000000000
001111110111111100010000000000000000
001111110111111101100000000000000000
001111110111111110110000000000000000
001111111000000000000000000000000000
001111111000000001100000000000000000
001111111000000010110000000000000000
001111111000000100000000000000000000
001111111000000101010000000000000000
001111111000000110100000000000000000
001111111000000111110000000000000000
001111111000001001000000000000000000
001111111000001010010000000000000000
001111111000001011110000000000000000
001111111000001101000000000000000000
001111111000001110010000000000000000
001111111000001111100000000000000000
001111111000010000110000000000000000
001111111000010010000000000000000000
001111111000010011010000000000000000
001111111000010100100000000000000000
001111111000010110000000000000000000
001111111000010111010000000000000000
001111111000011000100000000000000000
001111111000011001110000000000000000
001111111000011011000000000000000000
001111111000011100010000000000000000
001111111000011101100000000000000000
001111111000011110110000000000000000
001111111000100000000000000000000000
001111111000100001100000000000000000
001111111000100010110000000000000000
001111111000100100000000000000000000
001111111000100101010000000000000000
001111111000100110100000000000000000
001111111000100111110000000000000000
001111111000101001000000000000000000
001111111000101010010000000000000000
001111111000101011110000000000000000
001111111000101101000000000000000000
001111111000101110010000000000000000
001111111000101111100000000000000000
001111111000110000110000000000000000
001111111000110010000000000000000000
001111111000110011010000000000000000
001111111000110100100000000000000000
001111111000110110000000000000000000
001111111000110111010000000000000000
001111111000111000100000000000000000
001111111000111001110000000000000000
001111111000111011000000000000000000
001111111000111100010000000000000000
001111111000111101100000000000000000
001111111000111110110000000000000000
001111111001000000000000000000000000
001111111001000001100000000000000000
001111111001000010110000000000000000
001111111001000100000000000000000000
001111111001000101010000000000000000
001111111001000110100000000000000000
001111111001000111110000000000000000
001111111001001001000000000000000000
001111111001001010010000000000000000
001111111001001011110000000000000000
001111111001001101000000000000000000
001111111001001110010000000000000000
001111111001001111100000000000000000
001111111001010000110000000000000000
001111111001010010000000000000000000
001111111001010011010000000000000000
001111111001010100100000000000000000
001111111001010110000000000000000000
001111111001010111010000000000000000
001111111001011000100000000000000000
001111111001011001110000000000000000
001111111001011011000000000000000000
001111111001011100010000000000000000
001111111001011101100000000000000000
001111111001011110110000000000000000
001111111001100000000000000000000000
001111111001100001100000000000000000
001111111001100010110000000000000000
001111111001100100000000000000000000
001111111001100101010000000000000000
001111111001100110100000000000000000
001111111001100111110000000000000000
001111111001101001000000000000000000
001111111001101010010000000000000000
001111111001101011110000000000000000
001111111001101101000000000000000000
001111111001101110010000000000000000
001111111001101111100000000000000000
001111111001110000110000000000000000
001111111001110010000000000000000000
001111111001110011010000000000000000
001111111001110100100000000000000000
001111111001110110000000000000000000
001111111001110111010000000000000000
001111111001111000100000000000000000
001111111001111001110000000000000000
001111111001111011000000000000000000
001111111001111100010000000000000000
001111111001111101100000000000000000
001111111001111110110000000000000000
001111111010000000000000000000000000
001111111010000001100000000000000000
001111111010000010110000000000000000
001111111010000100000000000000000000
001111111010000101010000000000000000
001111111010000110100000000000000000
001111111010000111110000000000000000
001111111010001001000000000000000000
001111111010001010010000000000000000
001111111010001011110000000000000000
001111111010001101000000000000000000
001111111010001110010000000000000000
001111111010001111100000000000000000
001111111010010000110000000000000000
001111111010010010000000000000000000
001111111010010011010000000000000000
001111111010010100100000000000000000
001111111010010110000000000000000000
001111111010010111010000000000000000
001111111010011000100000000000000000
001111111010011001110000000000000000
001111111010011011000000000000000000
001111111010011100010000000000000000
001111111010011101100000000000000000
001111111010011110110000000000000000
001111111010100000000000000000000000
001111111010100001100000000000000000
001111111010100010110000000000000000
001111111010100100000000000000000000
001111111010100101010000000000000000
001111111010100110100000000000000000
001111111010100111110000000000000000
001111111010101001000000000000000000
001111111010101010010000000000000000
001111111010101011110000000000000000
001111111010101101000000000000000000
001111111010101110010000000000000000
001111111010101111100000000000000000
001111111010110000110000000000000000
001111111010110010000000000000000000
001111111010110011010000000000000000
001111111010110100100000000000000000
001111111010110110000000000000000000
001111111010110111010000000000000000
001111111010111000100000000000000000
001111111010111001110000000000000000
001111111010111011000000000000000000
001111111010111100010000000000000000
001111111010111101100000000000000000
001111111010111110110000000000000000
001111111011000000000000000000000000
001111111011000001100000000000000000
001111111011000010110000000000000000
001111111011000100000000000000000000
001111111011000101010000000000000000
001111111011000110100000000000000000
001111111011000111110000000000000000
001111111011001001000000000000000000
001111111011001010010000000000000000
001111111011001011110000000000000000
001111111011001101000000000000000000
001111111011001110010000000000000000
001111111011001111100000000000000000
001111111011010000110000000000000000
001111111011010010000000000000000000
001111111011010011010000000000000000
001111111011010100100000000000000000
001111111011010110000000000000000000
001111111011010111010000000000000000
001111111011011000100000000000000000
001111111011011001110000000000000000
001111111011011011000000000000000000
001111111011011100010000000000000000
001111111011011101100000000000000000
001111111011011110110000000000000000
001111111011100000000000000000000000
001111111011100001100000000000000000
001111111011100010110000000000000000
001111111011100100000000000000000000
001111111011100101010000000000000000
001111111011100110100000000000000000
001111111011100111110000000000000000
001111111011101001000000000000000000
001111111011101010010000000000000000
001111111011101011110000000000000000
001111111011101101000000000000000000
001111111011101110010000000000000000
001111111011101111100000000000000000
001111111011110000110000000000000000
001111111011110010000000000000000000
001111111011110011010000000000000000
001111111011110100100000000000000000
001111111011110110000000000000000000
001111111011110111010000000000000000
001111111011111000100000000000000000
001111111011111001110000000000000000
001111111011111011000000000000000000
001111111011111100010000000000000000
001111111011111101100000000000000000
001111111011111110110000000000000000
001111111100000000000000000000000000
001111111100000001100000000000000000
001111111100000010110000000000000000
001111111100000100000000000000000000
001111111100000101010000000000000000
001111111100000110100000000000000000
001111111100000111110000000000000000
001111111100001001000000000000000000
001111111100001010010000000000000000
001111111100001011110000000000000000
001111111100001101000000000000000000
001111111100001110010000000000000000
001111111100001111100000000000000000
001111111100010000110000000000000000
001111111100010010000000000000000000
001111111100010011010000000000000000
001111111100010100100000000000000000
001111111100010110000000000000000000
001111111100010111010000000000000000
001111111100011000100000000000000000
001111111100011001110000000000000000
001111111100011011000000000000000000
001111111100011100010000000000000000
001111111100011101100000000000000000
001111111100011110110000000000000000
001111111100100000000000000000000000
001111111100100001100000000000000000
001111111100100010110000000000000000
001111111100100100000000000000000000
001111111100100101010000000000000000
001111111100100110100000000000000000
001111111100100111110000000000000000
001111111100101001000000000000000000
001111111100101010010000000000000000
001111111100101011110000000000000000
001111111100101101000000000000000000
001111111100101110010000000000000000
001111111100101111100000000000000000
001111111100110000110000000000000000
001111111100110010000000000000000000
001111111100110011010000000000000000
001111111100110100100000000000000000
001111111100110110000000000000000000
001111111100110111010000000000000000
001111111100111000100000000000000000
001111111100111001110000000000000000
001111111100111011000000000000000000
001111111100111100010000000000000000
001111111100111101100000000000000000
001111111100111110110000000000000000
001111111101000000000000000000000000
001111111101000001100000000000000000
001111111101000010110000000000000000
001111111101000100000000000000000000
001111111101000101010000000000000000
001111111101000110100000000000000000
001111111101000111110000000000000000
001111111101001001000000000000000000
001111111101001010010000000000000000
001111111101001011110000000000000000
001111111101001101000000000000000000
001111111101001110010000000000000000
001111111101001111100000000000000000
001111111101010000110000000000000000
001111111101010010000000000000000000
001111111101010011010000000000000000
001111111101010100100000000000000000
001111111101010110000000000000000000
001111111101010111010000000000000000
001111111101011000100000000000000000
001111111101011001110000000000000000
001111111101011011000000000000000000
001111111101011100010000000000000000
001111111101011101100000000000000000
001111111101011110110000000000000000
001111111101100000000000000000000000
001111111101100001100000000000000000
001111111101100010110000000000000000
001111111101100100000000000000000000
001111111101100101010000000000000000
001111111101100110100000000000000000
001111111101100111110000000000000000
001111111101101001000000000000000000
001111111101101010010000000000000000
001111111101101011110000000000000000
001111111101101101000000000000000000
001111111101101110010000000000000000
001111111101101111100000000000000000
001111111101110000110000000000000000
001111111101110010000000000000000000
001111111101110011010000000000000000
001111111101110100100000000000000000
001111111101110110000000000000000000
001111111101110111010000000000000000
001111111101111000100000000000000000
001111111101111001110000000000000000
001111111101111011000000000000000000
001111111101111100010000000000000000
001111111101111101100000000000000000
001111111101111110110000000000000000
001111111110000000000000000000000000
001111111110000001100000000000000000
001111111110000010110000000000000000
001111111110000100000000000000000000
001111111110000101010000000000000000
001111111110000110100000000000000000
001111111110000111110000000000000000
001111111110001001000000000000000000
001111111110001010010000000000000000
001111111110001011110000000000000000
001111111110001101000000000000000000
001111111110001110010000000000000000
001111111110001111100000000000000000
001111111110010000110000000000000000
001111111110010010000000000000000000
001111111110010011010000000000000000
001111111110010100100000000000000000
001111111110010110000000000000000000
001111111110010111010000000000000000
001111111110011000100000000000000000
001111111110011001110000000000000000
001111111110011011000000000000000000
001111111110011100010000000000000000
001111111110011101100000000000000000
001111111110011110110000000000000000
001111111110100000000000000000000000
001111111110100001100000000000000000
001111111110100010110000000000000000
001111111110100100000000000000000000
001111111110100101010000000000000000
001111111110100110100000000000000000
001111111110100111110000000000000000
001111111110101001000000000000000000
001111111110101010010000000000000000
001111111110101011110000000000000000
001111111110101101000000000000000000
001111111110101110010000000000000000
001111111110101111100000000000000000
001111111110110000110000000000000000
001111111110110010000000000000000000
001111111110110011010000000000000000
001111111110110100100000000000000000
001111111110110110000000000000000000
001111111110110111010000000000000000
001111111110111000100000000000000000
001111111110111001110000000000000000
001111111110111011000000000000000000
001111111110111100010000000000000000
001111111110111101100000000000000000
001111111110111110110000000000000000
001111111111000000000000000000000000
001111111111000001100000000000000000
001111111111000010110000000000000000
001111111111000100000000000000000000
001111111111000101010000000000000000
001111111111000110100000000000000000
001111111111000111110000000000000000
001111111111001001000000000000000000
001111111111001010010000000000000000
001111111111001011110000000000000000
001111111111001101000000000000000000
001111111111001110010000000000000000
001111111111001111100000000000000000
001111111111010000110000000000000000
001111111111010010000000000000000000
001111111111010011010000000000000000
001111111111010100100000000000000000
001111111111010110000000000000000000
001111111111010111010000000000000000
001111111111011000100000000000000000
001111111111011001110000000000000000
001111111111011011000000000000000000
001111111111011100010000000000000000
001111111111011101100000000000000000
001111111111011110110000000000000000
001111111111100000000000000000000000
001111111111100001100000000000000000
001111111111100010110000000000000000
001111111111100100000000000000000000
001111111111100101010000000000000000
001111111111100110100000000000000000
001111111111100111110000000000000000
001111111111101001000000000000000000
001111111111101010010000000000000000
001111111111101011110000000000000000
001111111111101101000000000000000000
001111111111101110010000000000000000
001111111111101111100000000000000000
001111111111110000110000000000000000
001111111111110010000000000000000000
001111111111110011010000000000000000
001111111111110100100000000000000000
001111111111110110000000000000000000
001111111111110111010000000000000000
001111111111111000100000000000000000
001111111111111001110000000000000000
001111111111111011000000000000000000
001111111111111100010000000000000000
001111111111111101100000000000000000
001111111111111110110000000000000000
001100000000000000000000000000000000
001100000000000001010000000000000000
001100000000000010100000000000000000
001100000000000011110000000000000000
001100000000000101000000000000000000
001100000000000110010000000000000000
001100000000000111100000000000000000
001100000000001000110000000000000000
001100000000001010000000000000000000
001100000000001011100000000000000000
001100000000001100110000000000000000
001100000000001110000000000000000000
001100000000001111010000000000000000
001100000000010000100000000000000000
001100000000010001110000000000000000
001100000000010011000000000000000000
001100000000010100010000000000000000
001100000000010101110000000000000000
001100000000010111000000000000000000
001100000000011000010000000000000000
001100000000011001100000000000000000
001100000000011010110000000000000000
001100000000011100000000000000000000
001100000000011101010000000000000000
001100000000011110100000000000000000
001100000000011111110000000000000000
001100000000100001010000000000000000
001100000000100010100000000000000000
001100000000100011110000000000000000
001100000000100101000000000000000000
001100000000100110010000000000000000
001100000000100111100000000000000000
001100000000101000110000000000000000
001100000000101010000000000000000000
001100000000101011100000000000000000
001100000000101100110000000000000000
001100000000101110000000000000000000
001100000000101111010000000000000000
001100000000110000100000000000000000
001100000000110001110000000000000000
001100000000110011000000000000000000
001100000000110100010000000000000000
001100000000110101110000000000000000
001100000000110111000000000000000000
001100000000111000010000000000000000
001100000000111001100000000000000000
001100000000111010110000000000000000
001100000000111100000000000000000000
001100000000111101010000000000000000
001100000000111110100000000000000000
001100000000111111110000000000000000
001100000001000001010000000000000000
001100000001000010100000000000000000
001100000001000011110000000000000000
001100000001000101000000000000000000
001100000001000110010000000000000000
001100000001000111100000000000000000
001100000001001000110000000000000000
001100000001001010000000000000000000
001100000001001011100000000000000000
001100000001001100110000000000000000
001100000001001110000000000000000000
001100000001001111010000000000000000
001100000001010000100000000000000000
001100000001010001110000000000000000
001100000001010011000000000000000000
001100000001010100010000000000000000
001100000001010101110000000000000000
001100000001010111000000000000000000
001100000001011000010000000000000000
001100000001011001100000000000000000
001100000001011010110000000000000000
001100000001011100000000000000000000
001100000001011101010000000000000000
001100000001011110100000000000000000
001100000001011111110000000000000000
001100000001100001010000000000000000
001100000001100010100000000000000000
001100000001100011110000000000000000
001100000001100101000000000000000000
001100000001100110010000000000000000
001100000001100111100000000000000000
001100000001101000110000000000000000
001100000001101010000000000000000000
001100000001101011100000000000000000
001100000001101100110000000000000000
001100000001101110000000000000000000
001100000001101111010000000000000000
001100000001110000100000000000000000
001100000001110001110000000000000000
001100000001110011000000000000000000
001100000001110100010000000000000000
001100000001110101110000000000000000
001100000001110111000000000000000000
001100000001111000010000000000000000
001100000001111001100000000000000000
001100000001111010110000000000000000
001100000001111100000000000000000000
001100000001111101010000000000000000
001100000001111110100000000000000000
001100000001111111110000000000000000
001100000010000001010000000000000000
001100000010000010100000000000000000
001100000010000011110000000000000000
001100000010000101000000000000000000
001100000010000110010000000000000000
001100000010000111100000000000000000
001100000010001000110000000000000000
001100000010001010000000000000000000
001100000010001011100000000000000000
001100000010001100110000000000000000
001100000010001110000000000000000000
001100000010001111010000000000000000
001100000010010000100000000000000000
001100000010010001110000000000000000
001100000010010011000000000000000000
001100000010010100010000000000000000
001100000010010101110000000000000000
001100000010010111000000000000000000
001100000010011000010000000000000000
001100000010011001100000000000000000
001100000010011010110000000000000000
001100000010011100000000000000000000
001100000010011101010000000000000000
001100000010011110100000000000000000
001100000010011111110000000000000000
001100000010100001010000000000000000
001100000010100010100000000000000000
001100000010100011110000000000000000
001100000010100101000000000000000000
001100000010100110010000000000000000
001100000010100111100000000000000000
001100000010101000110000000000000000
001100000010101010000000000000000000
001100000010101011100000000000000000
001100000010101100110000000000000000
001100000010101110000000000000000000
001100000010101111010000000000000000
001100000010110000100000000000000000
001100000010110001110000000000000000
001100000010110011000000000000000000
001100000010110100010000000000000000
001100000010110101110000000000000000
001100000010110111000000000000000000
001100000010111000010000000000000000
001100000010111001100000000000000000
001100000010111010110000000000000000
001100000010111100000000000000000000
001100000010111101010000000000000000
001100000010111110100000000000000000
001100000010111111110000000000000000
001100000011000001010000000000000000
001100000011000010100000000000000000
001100000011000011110000000000000000
001100000011000101000000000000000000
001100000011000110010000000000000000
001100000011000111100000000000000000
001100000011001000110000000000000000
001100000011001010000000000000000000
001100000011001011100000000000000000
001100000011001100110000000000000000
001100000011001110000000000000000000
001100000011001111010000000000000000
001100000011010000100000000000000000
001100000011010001110000000000000000
001100000011010011000000000000000000
001100000011010100010000000000000000
001100000011010101110000000000000000
001100000011010111000000000000000000
001100000011011000010000000000000000
001100000011011001100000000000000000
001100000011011010110000000000000000
001100000011011100000000000000000000
001100000011011101010000000000000000
001100000011011110100000000000000000
001100000011011111110000000000000000
001100000011100001010000000000000000
001100000011100010100000000000000000
001100000011100011110000000000000000
001100000011100101000000000000000000
001100000011100110010000000000000000
001100000011100111100000000000000000
001100000011101000110000000000000000
001100000011101010000000000000000000
001100000011101011100000000000000000
001100000011101100110000000000000000
001100000011101110000000000000000000
001100000011101111010000000000000000
001100000011110000100000000000000000
001100000011110001110000000000000000
001100000011110011000000000000000000
001100000011110100010000000000000000
001100000011110101110000000000000000
001100000011110111000000000000000000
001100000011111000010000000000000000
001100000011111001100000000000000000
001100000011111010110000000000000000
001100000011111100000000000000000000
001100000011111101010000000000000000
001100000011111110100000000000000000
001100000011111111110000000000000000
001100000100000001010000000000000000
001100000100000010100000000000000000
001100000100000011110000000000000000
001100000100000101000000000000000000
001100000100000110010000000000000000
001100000100000111100000000000000000
001100000100001000110000000000000000
001100000100001010000000000000000000
001100000100001011100000000000000000
001100000100001100110000000000000000
001100000100001110000000000000000000
001100000100001111010000000000000000
001100000100010000100000000000000000
001100000100010001110000000000000000
001100000100010011000000000000000000
001100000100010100010000000000000000
001100000100010101110000000000000000
001100000100010111000000000000000000
001100000100011000010000000000000000
001100000100011001100000000000000000
001100000100011010110000000000000000
001100000100011100000000000000000000
001100000100011101010000000000000000
001100000100011110100000000000000000
001100000100011111110000000000000000
001100000100100001010000000000000000
001100000100100010100000000000000000
001100000100100011110000000000000000
001100000100100101000000000000000000
001100000100100110010000000000000000
001100000100100111100000000000000000
001100000100101000110000000000000000
001100000100101010000000000000000000
001100000100101011100000000000000000
001100000100101100110000000000000000
001100000100101110000000000000000000
001100000100101111010000000000000000
001100000100110000100000000000000000
001100000100110001110000000000000000
001100000100110011000000000000000000
001100000100110100010000000000000000
001100000100110101110000000000000000
001100000100110111000000000000000000
001100000100111000010000000000000000
001100000100111001100000000000000000
001100000100111010110000000000000000
001100000100111100000000000000000000
001100000100111101010000000000000000
001100000100111110100000000000000000
001100000100111111110000000000000000
001100000101000001010000000000000000
001100000101000010100000000000000000
001100000101000011110000000000000000
001100000101000101000000000000000000
001100000101000110010000000000000000
001100000101000111100000000000000000
001100000101001000110000000000000000
001100000101001010000000000000000000
001100000101001011100000000000000000
001100000101001100110000000000000000
001100000101001110000000000000000000
001100000101001111010000000000000000
001100000101010000100000000000000000
001100000101010001110000000000000000
001100000101010011000000000000000000
001100000101010100010000000000000000
001100000101010101110000000000000000
001100000101010111000000000000000000
001100000101011000010000000000000000
001100000101011001100000000000000000
001100000101011010110000000000000000
001100000101011100000000000000000000
001100000101011101010000000000000000
001100000101011110100000000000000000
001100000101011111110000000000000000
001100000101100001010000000000000000
001100000101100010100000000000000000
001100000101100011110000000000000000
001100000101100101000000000000000000
001100000101100110010000000000000000
001100000101100111100000000000000000
001100000101101000110000000000000000
001100000101101010000000000000000000
001100000101101011100000000000000000
001100000101101100110000000000000000
001100000101101110000000000000000000
001100000101101111010000000000000000
001100000101110000100000000000000000
001100000101110001110000000000000000
001100000101110011000000000000000000
001100000101110100010000000000000000
001100000101110101110000000000000000
001100000101110111000000000000000000
001100000101111000010000000000000000
001100000101111001100000000000000000
001100000101111010110000000000000000
001100000101111100000000000000000000
001100000101111101010000000000000000
001100000101111110100000000000000000
001100000101111111110000000000000000
001100000110000001010000000000000000
001100000110000010100000000000000000
001100000110000011110000000000000000
001100000110000101000000000000000000
001100000110000110010000000000000000
001100000110000111100000000000000000
001100000110001000110000000000000000
001100000110001010000000000000000000
001100000110001011100000000000000000
001100000110001100110000000000000000
001100000110001110000000000000000000
001100000110001111010000000000000000
001100000110010000100000000000000000
001100000110010001110000000000000000
001100000110010011000000000000000000
001100000110010100010000000000000000
001100000110010101110000000000000000
001100000110010111000000000000000000
001100000110011000010000000000000000
001100000110011001100000000000000000
001100000110011010110000000000000000
001100000110011100000000000000000000
001100000110011101010000000000000000
001100000110011110100000000000000000
001100000110011111110000000000000000
001100000110100001010000000000000000
001100000110100010100000000000000000
001100000110100011110000000000000000
001100000110100101000000000000000000
001100000110100110010000000000000000
001100000110100111100000000000000000
001100000110101000110000000000000000
001100000110101010000000000000000000
001100000110101011100000000000000000
001100000110101100110000000000000000
001100000110101110000000000000000000
001100000110101111010000000000000000
001100000110110000100000000000000000
001100000110110001110000000000000000
001100000110110011000000000000000000
001100000110110100010000000000000000
001100000110110101110000000000000000
001100000110110111000000000000000000
001100000110111000010000000000000000
001100000110111001100000000000000000
001100000110111010110000000000000000
001100000110111100000000000000000000
001100000110111101010000000000000000
001100000110111110100000000000000000
001100000110111111110000000000000000
001100000111000001010000000000000000
001100000111000010100000000000000000
001100000111000011110000000000000000
001100000111000101000000000000000000
001100000111000110010000000000000000
001100000111000111100000000000000000
001100000111001000110000000000000000
001100000111001010000000000000000000
001100000111001011100000000000000000
001100000111001100110000000000000000
001100000111001110000000000000000000
001100000111001111010000000000000000
001100000111010000100000000000000000
001100000111010001110000000000000000
001100000111010011000000000000000000
001100000111010100010000000000000000
001100000111010101110000000000000000
001100000111010111000000000000000000
001100000111011000010000000000000000
001100000111011001100000000000000000
001100000111011010110000000000000000
001100000111011100000000000000000000
001100000111011101010000000000000000
001100000111011110100000000000000000
001100000111011111110000000000000000
001100000111100001010000000000000000
001100000111100010100000000000000000
001100000111100011110000000000000000
001100000111100101000000000000000000
001100000111100110010000000000000000
001100000111100111100000000000000000
001100000111101000110000000000000000
001100000111101010000000000000000000
001100000111101011100000000000000000
001100000111101100110000000000000000
001100000111101110000000000000000000
001100000111101111010000000000000000
001100000111110000100000000000000000
001100000111110001110000000000000000
001100000111110011000000000000000000
001100000111110100010000000000000000
001100000111110101110000000000000000
001100000111110111000000000000000000
001100000111111000010000000000000000
001100000111111001100000000000000000
001100000111111010110000000000000000
001100000111111100000000000000000000
001100000111111101010000000000000000
001100000111111110100000000000000000
001100000111111111110000000000000000
001100001000000001010000000000000000
001100001000000010100000000000000000
001100001000000011110000000000000000
001100001000000101000000000000000000
001100001000000110010000000000000000
001100001000000111100000000000000000
001100001000001000110000000000000000
001100001000001010000000000000000000
001100001000001011100000000000000000
001100001000001100110000000000000000
001100001000001110000000000000000000
001100001000001111010000000000000000
001100001000010000100000000000000000
001100001000010001110000000000000000
001100001000010011000000000000000000
001100001000010100010000000000000000
001100001000010101110000000000000000
001100001000010111000000000000000000
001100001000011000010000000000000000
001100001000011001100000000000000000
001100001000011010110000000000000000
001100001000011100000000000000000000
001100001000011101010000000000000000
001100001000011110100000000000000000
001100001000011111110000000000000000
001100001000100001010000000000000000
001100001000100010100000000000000000
001100001000100011110000000000000000
001100001000100101000000000000000000
001100001000100110010000000000000000
001100001000100111100000000000000000
001100001000101000110000000000000000
001100001000101010000000000000000000
001100001000101011100000000000000000
001100001000101100110000000000000000
001100001000101110000000000000000000
001100001000101111010000000000000000
001100001000110000100000000000000000
001100001000110001110000000000000000
001100001000110011000000000000000000
001100001000110100010000000000000000
001100001000110101110000000000000000
001100001000110111000000000000000000
001100001000111000010000000000000000
001100001000111001100000000000000000
001100001000111010110000000000000000
001100001000111100000000000000000000
001100001000111101010000000000000000
001100001000111110100000000000000000
001100001000111111110000000000000000
001100001001000001010000000000000000
001100001001000010100000000000000000
001100001001000011110000000000000000
001100001001000101000000000000000000
001100001001000110010000000000000000
001100001001000111100000000000000000
001100001001001000110000000000000000
001100001001001010000000000000000000
001100001001001011100000000000000000
001100001001001100110000000000000000
001100001001001110000000000000000000
001100001001001111010000000000000000
001100001001010000100000000000000000
001100001001010001110000000000000000
001100001001010011000000000000000000
001100001001010100010000000000000000
001100001001010101110000000000000000
001100001001010111000000000000000000
001100001001011000010000000000000000
001100001001011001100000000000000000
001100001001011010110000000000000000
001100001001011100000000000000000000
001100001001011101010000000000000000
001100001001011110100000000000000000
001100001001011111110000000000000000
001100001001100001010000000000000000
001100001001100010100000000000000000
001100001001100011110000000000000000
001100001001100101000000000000000000
001100001001100110010000000000000000
001100001001100111100000000000000000
001100001001101000110000000000000000
001100001001101010000000000000000000
001100001001101011100000000000000000
001100001001101100110000000000000000
001100001001101110000000000000000000
001100001001101111010000000000000000
001100001001110000100000000000000000
001100001001110001110000000000000000
001100001001110011000000000000000000
001100001001110100010000000000000000
001100001001110101110000000000000000
001100001001110111000000000000000000
001100001001111000010000000000000000
001100001001111001100000000000000000
001100001001111010110000000000000000
001100001001111100000000000000000000
001100001001111101010000000000000000
001100001001111110100000000000000000
