0000000011001001
0010011011011010
0100110111100010
0001010001100000
0101111100110001
0111110101010010
0100111010110100
1100001001111101
1101110100000000
1111001100001111
1100111011011111
1110100000010011
1110110111011001
1001010010100010
1111000101110110
1010001101101010
0000110100100010
1000000000000000
0000000011001111
1001101101111011
0101000110011110
1101111100101110
0110110100010000
1010110001110011
0001000110011110
0010100011000111
1110100010011110
0001001110101100
0000101010110110
0000011011010110
0011011110010100
0010101011001000
1110110010101101
0001011000010101
1101000001000100
0110100110110100
1111000000000010
0011101101001110
0100000111101011
1011110011100101
0001111110111000
0000100010100001
0001100001111000
0000011101111100
0100010100010001
0000010101001111
0010111110010010
1100100100000100
0010000101111001
0010101100100011
0111111010111000
1100010010001000
0101110100100111
1100010001010000
0001110011100110
0100111111010101
0001110101100110
0001000101111110
0110010110000000
1111111011010011
0111010011011110
1100110010110101
1100010111111011
0101111000010011
0101101110001100
1011010100111010
1000000000000000
0011101000110111
1100011011100001
1011100000111001
0011100110111101
0000011100101010
0001001101110000
0101110111100001
1011000011110110
0011101111011111
0010011111010010
0110000011111011
1010101011101100
0100011111110110
1110110010000000
0100110110000011
1101100001101010
1100101111111001
1011000010100110
0111111111111111
0010011100001100
0111111111111111
0010000111101000
1001011101011101
1111110000000100
1111110110110111
0001101011011100
0000101100100001
1000000000000000
0111111111111111
0010101001100010
0001010110110100
1110110100000111
1010111101111010
0000011010001001
1111110000001001
1110101010010001
1110110100101001
1000000000000000
1010010011001010
1000011010001011
1110111000100001
1111101001111111
0111000100101101
0001110000011111
1001111000110101
0011101100110000
1011111010110000
0101010010100100
0011011101010000
1101010110111000
1100111101111100
1000110101101110
1101101110000111
0010011010001001
1111010000101000
0000011110101011
1110010001001100
0100100001001010
0001110100010110
0111001000000000
1101101111001000
0001101001010000
1111110011110111
1110001011000111
0010111101110111
1011011000101011
1111010010000101
1100101001100101
1101101001010100
0001111111000101
1110110000101001
0000001011100011
1110000110001110
1010101011011101
1110000010011011
0111111111111111
0010010000001001
0010001001001111
1111011100101100
0011111110110101
0001101011001100
1000000000000000
1100010110011110
0111111111111111
0111111111111111
1110001101101011
0010100011101011
1011011100100010
0010111100011110
1011010011101100
0000011000000101
1110001110000011
0100110010000110
0010000001001001
0111010011011111
1111011110010110
1111111000000101
0000111010100101
1110111111001011
1110010111001010
0010100100111101
1111000011001010
1100010111000101
1101100011111111
1100000001011111
1000000000000000
1110110000101100
0011110000110110
0011001101100001
1100011111110010
1110101101100000
0100000100111100
0010110101111000
1011110001111111
1100011010100000
0011010101101011
0001010100111010
0010111100011111
1000110111111110
1111101110111000
1101100100100101
0101100101011011
0010101110101001
0000110100011111
0010001110111101
1111111001011010
1010110010110010
0010110101100101
1101011111011000
0010110110011110
0010001110010100
1111110110011010
1101110000010101
1000110111000110
1011110110010001
0010010111111100
0011111110011101
0100010010101011
1110010111001011
0111101010001110
0111110111010000
0001001111100000
1111000011111101
0000010111110100
1010111101100000
0010011111001010
0101001000111111
0000011010101101
1111010010000110
1101110111111111
1100010011111000
1011110111000111
1110010001010111
0110110101110010
1011101010111000
0011000100111110
0000111100001101
1111101110111011
1001111010001000
1101001011101011
1011000101101000
1110110111110100
1010001110010011
0010001100101110
0111101100011101
0010010001000001
1111010001100111
1010001000001001
0100110110010011
1001110100000100
0111111111111111
1110101010001100
1001101011010010
1111010011001111
1110011000110111
0011111101011011
1100101100001000
1111010100111001
1000000000000000
0111111111111111
0110000110101110
0100101101011011
0111111111111111
1001111110011101
0101001110100111
1011011111001111
0001110100111101
0010001001001110
1101111101001100
0111111111111111
0011110110111100
0110011101010111
1110110000010100
1000000000000000
0111111010001101
1100011001110011
1101110010010010
1000000000000000
1110001100111001
1101111110110000
1110000110001001
0010001100011101
0000100101110101
1011000001100101
0000100010100101
1110001100101001
1010000011110100
1001000011110010
1101101011010011
1101010110111011
0111101011101000
0101111011001000
0101111111010011
1111000101001001
1011001111100111
0101000101101010
0010011011001001
0000101101010010
1111010110010101
1101101000111100
0000100001100111
1001011111101110
1010100010011000
1110101011111000
1110110011001011
0110100101101001
0001111110010000
1111010010000011
1010000100100100
0001111000111111
1000000000000000
1011010001110000
1010000010001010
1111111011011101
0001001100010111
0111111111111111
1001111001001101
0111110111111001
1001011110111001
1110100101001001
1011101110111001
0111111111111111
1111101101001001
1111110101011111
1011101101111010
0111010101110001
1001110100011000
1000100111110001
0010010111100011
0001100000001100
0011010001000100
0010001110000001
0100101100111001
1110011001111000
0011011101001010
1110010101010100
0001000001010101
0100111000111010
1100000110011011
1011010100000010
1001100100001110
1101101010011111
0111010001011110
1001010101001101
1000000000000000
1100100010111011
1101010110100000
0100001110010111
0100011100000010
1001011011010010
1000000000000000
1110010001001011
0101101100001001
1001110010111000
1100100111001010
1011101001100011
1111011010000111
1100001000011011
0111111111111111
1101111100101100
0111101101101000
1100101001111001
1000000000101101
1101000111101111
1110110111000011
1001010001110001
1101011010001100
0001100101100101
0111010011001001
1100111101100100
1010100010111110
0010101100111001
0110111010011001
0101001110001000
1000000000000000
1000000000000000
1111100101001101
0000101110010110
1010100010001000
1101110001011010
0001010100101000
0000011011110000
0110101110100000
0100111100001101
1001100100101010
1001011110100000
0011111100100100
0000011110100101
1111110101000011
1011010001001011
1011111111000111
1001010111100101
1111100000001001
1010111101010111
0000110111010101
1001000011001011
1000111011100110
0001101111110101
1000000000000000
0000000111101110
0110000101011000
0010000000100110
0000111111101010
1110010000001110
0101010111011101
1011000001001001
0110000100001001
1110100010001001
0110001100001001
0001011000101101
1111011000111000
1000000000000000
0011011111100110
1100010010111001
1010011001011110
1000111001010100
0111111111111111
0101101010010010
0000100001110111
0000110110111010
1110110100100111
0101010110111110
1011011001100000
1110001000110101
0001000111110011
0010111011111111
0001111001001100
1010110010111111
1100001101010110
1100001100101111
0001000101010101
0111110000101011
1011010000101100
1011000001010110
0011100011010011
0100110101111000
0110101001111010
1001001111100111
1100110010101110
1100111001010000
0000100110111101
0111111111111111
1110000101100010
0010101011100101
1110001000101111
1111010111110011
1110111101101100
1100001011000101
0011001101011000
1101110100110010
1111000111111110
0010000000001101
1101111011111110
0100001001110110
1101100101101100
0000011000110000
1110001011111110
1101011001001001
1000000110101001
0001010000010010
0101011001101001
0000011110011001
1100010010000001
1111011111011000
0100110001111001
1001010101110000
1010100101010101
1101100010001101
0110010001101111
0011100001110011
1100001011110110
0100111111000010
1110001110101010
1110111101010111
1010100001111101
0001111111011110
0110111100111101
0001110101111011
1111110101110010
0010010101000001
1100000001110101
0001011110110010
1010011001000111
1111111000100110
0111001100000001
0101000001001000
1101101010110011
1011101001111111
1101010111111100
1011010001111110
1111010100110111
0011010010110011
1110110011110011
0011000011111101
1000000000000000
1000110010111011
0100011011100101
1110101010111000
1100011101011001
0111101101110100
1011010011000110
0100111000010001
0111111111111111
0100010000001010
1001101111010000
1111001111100000
0011010010100101
0111111111111111
1101000100100000
0001101100110001
1000010111001111
1101111110100110
1111001110110101
0101011001001110
1001111000001000
1011110101101100
1011111011100100
1101110100101010
0000010101010100
0011010010101100
1110101010000011
1100110111101001
1001001010101000
1101011101111000
1000000000000000
0010110110011100
0010110010101011
1000111101111111
0001100011011010
1111000111010100
1000000000000000
0010111100011001
1000000000000000
1101011001011000
1110011000100101
0100111101110110
0111111111111111
0001000110010010
0001101100111101
1111111001001111
1101000000101010
0010010111110101
0011000001011001
1100101010111001
0001001010011110
1011010100110000
1010101111001001
1111100010010111
0101101110000001
1001100111100101
1101110110000010
0011001001010101
1111011010110100
1110110010110111
1110100001001110
0010001110100000
1000000000000000
1111110011100010
1101111001111111
0101100000111011
1100001101010101
0000111101010110
0101001110110101
1101010000000111
1100111110001100
0110100101001000
1111111111111110
1110001000111000
0010011000001110
1110011010110011
0011001101011001
0011111011110011
0011001111000110
0001010111001101
0010001010111101
0001101100111111
1010010110110010
1100011111011100
0010101110000111
0000100000100100
0001011110100010
0100110000001101
1100010101000111
1011001010111011
1100111100011011
1111000100110100
1011111101111111
1010011001011111
1110001100111001
0001110000101011
1010111011111001
1111110100001001
0100100010101011
1000000000000000
0001111010111110
1011011110110001
0000001000110010
1011100010010011
0110100100010110
0001011000110111
1010000000000100
0000000111011001
1001100001001110
1101100000111000
1101000011010110
1100011111011101
1000000111010101
1100001101101000
0100011111101111
1111100001101111
0100010011011101
1110110011101111
0000011100111100
1100111001011000
0001110001101101
1000011000001011
0000001111001011
1000000000000000
1010011011101010
0110001110101110
1101010010001101
0001110011010001
0110010011110001
0101011101111000
0111111111111111
0000100111011010
0101010110111100
1101101100110011
0101011001100001
1101001000110111
0001011010011010
0001001011010000
1100101001011011
0000010001001101
1101001110010001
1100111101011110
0010111011011111
0010100111101010
1101101100000010
0001010100000011
0011010101001110
0011000011111010
1110001100011110
0001101111111000
1111010001001010
1100111100010110
0011010111101111
0100001011110010
1000000000000000
1100000001011100
1000000000000000
0010101000000001
0011011010100100
0000100110001110
0101001100001001
1011001000100001
1001010111001111
0011101100001001
1101110100001101
0011111011010110
1011010100110000
1011101000111011
1101010111010011
0101110000010000
0000001111110111
0000110110111100
1100110001010010
1011100001010010
1110100111111001
1101100100100101
0001101110101010
1000111110110111
0110011011101111
0001110111101011
1011111101001010
0011010101000110
1000000000000000
1001111000111000
1101110011001000
0100100000100011
1111100000000100
1100011111011010
1011011000011110
1111100010110110
1110100101000001
1101010100101000
0010000111110011
1000010011000010
1010111010011110
1101010100110110
0011100010100100
1011110110110111
1101001000001010
0001001010000101
1000000000000000
1001110000111100
0001110101010111
0011101111101010
0011111010011110
0000101010110100
0010101010110110
0001010000110101
1101101011010101
1111011010101101
0010100110111001
1010100111111111
1111011110100101
0101011011010111
1101100000000011
1101100010101011
0001100010111001
1001101010100010
1000011101100011
1110100110100110
1000000000000000
1110000111101101
1000110110001000
1100011100000010
0100111110111001
0011010110000101
1000001111000000
1110110010100000
0001001010011000
0100010001111110
1110110001101110
1011111010010100
0011100100101011
1101011000011000
1010100110110011
1100001101000101
0001110100110011
0010010000100101
1001011011001001
1000110010011010
1010101010100111
0010100111001100
1000001111001110
1100110011010010
0110111100011001
1110010110101111
0010100001101011
1011010010111101
0011001111011001
0011011110101111
1100100010000010
0011010010000110
0110110010110110
0010101111000100
1111100001000101
0110111100101010
0011000010000011
0001100010110001
0000100100011000
1000000000000000
1001100000000011
0000011100011100
1000000000000000
0000011111111000
1101100111001100
0010011100100111
0001001011101001
0101110111010111
1011001111110010
1010111101000111
1100111001001111
0101101001001111
0111111111111111
1010011010000111
0000111100010111
1000111100111000
0011001101010010
1100110001000011
1111100110010011
0101001000101101
0110101000001110
0011101101000110
0000001010000011
0111111111111111
1010011110100010
0000001111111001
0000010101101101
1111110000010000
0001101111111000
0001000100011100
0001001010011011
0010011001111100
1100100101101000
0001101010011011
1100101001010111
0111111111111111
0110111010000000
0100110011000101
1111000011100110
0000010010000011
0001000101010011
1101000100000011
1000011101000000
1001100111101100
1100101010001101
0010110110100000
0011000110000110
0110001010101100
1101110000110011
0111001111110111
0000010000001000
1011010011011001
0100001010011010
0001010010000000
1010110000110001
1111110111000111
1011010000100001
1111000010100110
0100011000100011
0101100001001101
1111100000010111
0000100011001100
1010000010000000
1110010001111000
1010111111111011
0000100010011111
1011000010000000
0001111001001110
1000111000100111
0001100111111000
0011001001111101
0100011100101100
1011001000100001
0111111111111111
1100100000101010
1010000010000101
0110011101000111
1011110011000010
1111001001111111
0100101111100010
0111000000110000
1011000101011100
0001010011110111
1000000000000000
0001110000101000
1011111011100100
1111110011001110
0010010010111101
0111111111111111
1100110010110101
1000111101110010
0110100011000110
1000000000000000
0001100001000000
0100001000011111
1000000000000000
0010111001000010
0101011101100101
1101001010111111
0110100011101110
1100111011011000
1010010101000111
0111010111000101
0100100101101101
1011000001110011
1101110111111001
0011011010011001
0010001100100101
0010010111000001
1000001011011000
1101001100001000
1011101100100001
1101110110100100
0111111111111111
0111111111111111
1000000000000000
0110010001111101
0101100000000110
1010010000101101
1111010001010011
1010010100101010
1111110101001111
1000000000000000
0000110100101110
0011000001101011
1111000110001101
0100110001110010
0000011010101001
1000000000000000
1111110111001101
1001110100010110
1011010111100111
0101011110110010
1111011101000110
0111111111111111
0010100110011101
1100110000101101
0011011001010011
1100010001011011
0000011100100100
1100101001110110
1111010010011001
0000011011111100
1101010111011001
1111110110000101
1011010100100011
0000010111001001
1101110111101000
0001101011101110
1000000000000000
0000100011111110
0011101111011110
1100101111111100
0101010111100011
0000110011100100
1001000110110001
0001010100000101
1010010010100010
0000101001100000
0111111101101100
0001110010000110
1011001100011101
1000000000000000
0000110101110101
1010010000000111
0111010011011101
1100101000101110
1110011101000111
0010011101000001
0011010110110010
0001111011100010
1111001010001001
1101111111000101
0101110000111011
0000000011100111
0011010001110111
1100110100010000
0000110011011100
0101001100010101
0000000110001011
1110110011001100
1111110011110110
1110101101000110
0010101000101011
0010100101000111
0101010001110100
1100100011111010
1100001101010101
0001000011011110
0010110100010010
0110011101101001
0100100011000100
0011111011110100
0010000111000010
1110011111100001
0001001010100111
1110000001000110
1111011010100011
1100011011010110
1111100000111101
0101001100010100
0101111100001111
1000001011000111
1101111100100010
1100110111110010
0100000011001001
0001100011111101
0010010101000101
1110111000001101
0010000011101110
0011011001011000
0110000111110101
0100101010100110
1011100111111010
0000000001001010
0011011100110011
1011010110110011
1011001111100001
1100100110110000
0100111000010101
1101111011111000
1010010101111000
1111000001111001
1100011101100001
0010010101011001
1110111011100110
0101001111011001
1110111010000100
0000100000101100
1001011100001000
0011111110010101
0001101100010000
1011100111010101
0110101010110101
0010001010111101
0111111111111111
0111111111111111
1010001101100001
0001010010000101
0011110101000001
0010111111001010
0111010011011000
1101000110111010
0101010000111001
1101011011111101
1111100101110101
1110010000101101
0111111111111111
0110110001111101
1101001101100010
1001101011110010
0010110010011101
1101110101100011
0010011000011110
1011100111111001
1001101111101011
1111100111110111
1111010111111110
1110100100110111
