0001111001001001
0001110000101101
0001000001001001
0010000100001001
0000001111101100
1111100000011100
1110000111110001
1000000000000000
1110000000000010
0100100100100111
0100111111011110
0011000110100000
0011101111011110
1011001000000111
0101110010111100
1111001111001001
1111011000001111
1000000000000000
0000101001001001
0000110110000101
1011011001001011
0010010111000101
0100100011101001
1110101101001000
1111011010000010
0001111110100001
1010000111101110
0100010100111110
1101110011111111
1010011110000011
0010111100100010
1010110100010101
1101000110000100
1110011001111110
1000000000000000
1001001001011111
0010110101010001
1011101101101001
0000100001001000
1010000111100110
1111101001011001
1010100100010111
1111010010111001
0001010011101111
0010100110100000
1111110110001101
0001010100001011
0100011010010101
0111111111111111
1011011110001010
0101010101010100
0110101001010001
1111010100100000
1110111111010010
0001100010000000
1111011101000010
1011010100001100
1011111000001000
1011111001011011
0111111111111111
0101110111011100
1100010111010000
1110100111011000
0101001101110101
1101010111111111
1000000011111101
1011011101111011
1111010111101000
0011001011110011
0101100000110110
1110101111011100
1111001001010010
0101111110011000
1000000000000000
0100001110001001
0011000000000011
1101111101111000
0101011110000111
0100100101001101
0100110001001101
0100000101000000
0101000000100111
1000001110011010
1101011110110001
1000000000000000
1110100110110010
0111110010001000
1100011111100111
0100001100011000
0101010000011010
0010100111010111
1110101110101001
1000100001100011
1111111001101011
1011110001001001
1101000101100010
1111000001001001
0110110111110101
0000100110100111
0010001010111001
1110000111000011
1011100000010011
0011101111010000
0111001111010110
1000110101111101
0010010000011011
0110000101111101
1111111010100100
0000010111110101
1101001111110110
1111001110101000
0110001101001101
1100010111111010
0001011001000001
1110111001101111
1010111110100000
0111111110101111
1111101100011110
1111100101001001
1101101101111011
1000111101111001
1100101110111110
0111111111111111
0101000110011100
1011011000001110
1010000011110100
0000011010010101
1001000110001001
1011010110010001
1101110011011100
0010111011101001
0111111111111111
0101001101100010
1101100010000111
0001000100111001
0000111110001100
1010011001101000
0010110001011000
0010010010001100
1000000000000000
0001000001101001
1011010001000111
1011111010010101
1011010001001001
1011101001011110
0001100011000111
0000101110011011
0011100010100101
0011101010100001
0000110000010111
1101101010000011
1111000101110000
0011001000001110
1100011001001100
0010100011100100
0010010100000001
0100001000101110
0001110111101110
1000000000000000
0001000001111001
0100001000000011
1110001100010111
1110100100100000
0111111111111111
1010101111111111
0101101101101110
1001110111110110
0000111111101111
1000000000000000
0011010010100011
1100101011001011
1111100110011000
1111010100110101
0101010000111111
1101001001011010
1010100001101100
0010010010010010
0110111001010101
0000010110110100
0001110000011011
1111101110111100
1011011011000011
0010101110000000
0000001010001000
1100111101010010
1111101001000011
1111011101100001
1100101000110000
1111110110110001
1111001111101110
0011010110001101
0000010110000010
1111011100010001
1111000110100001
1001000110000110
0111011101001100
1010101001110000
0000110001101100
0001010000010101
1101101001101010
1110100000010001
0010010101001100
1111101101001000
1110010101001101
1001010001110101
0000011110110101
0000010000010000
1011111101110111
1101101000110100
1110111011100101
0000101100111001
1010011000100101
1010101011100010
1111110111110100
0101011101111011
0110101011111010
1110001111011110
1101111111111110
1111011110000111
0010000001111101
0011010010110011
0101001011000101
0111111111111111
1101100011111001
1001101101101000
0010100101110111
1110100100100001
1111111100011001
1000010010100011
1100010000101100
0111111111111111
0000011001000010
0011000101101111
0000111100010010
1111100100111111
1000111001110011
0110101010011110
0011111010110110
0001101110100100
1110111010101000
1011011010001111
1111001101110010
0000100110110011
0011010011011000
0001100001111010
1011011101110000
0011001100110110
1011100100001110
1000000000000000
1110011010010001
1011101001011111
1100111110011100
0001011001010001
1001111111111110
1101111011110001
0001100111000110
1111101101000001
0110101111011100
1001100111101101
1000000000000000
0000011001110000
0001001001101011
0011011100111110
1111100101100110
0111111111111111
0101010001100111
1000000001001001
1000010000110001
0001001000000110
0001111111000000
0100110000100010
1110101000111101
1000111111101111
0010101011111111
1011111111001011
0001011101110000
0001001011101011
1100100111110100
0011011110011000
0100011110100010
0010010000011010
0001010100010011
0010010010001011
0000110111111010
1100010110000111
1110110111001011
1111010111001000
0110101011010110
0011101111100101
0100111000001000
0000110011101011
1110000100101010
1000000000000000
0111111111111111
1101011001000100
1110110100010100
1100100010011010
1100001001001011
0000000000110110
1101111110110001
0111001001001010
0001101101001110
1110111000011000
0110000110110100
1000000000000000
1101111101000001
1111001001011100
0000011100011001
0010100000000011
0011001101111000
0111001101001101
1100001010011100
1101101001011001
0010110110010000
1010010011101111
1000000000000000
1011000100110001
0001100010010011
1011100111110000
0100101010011110
0111111111111111
0001001101000010
0111111111111111
1110100011000111
1110011001111000
1100100101010110
1011001001111011
0001111111010010
1011000110101111
1111001111010111
1010100110011111
0001101110101111
0010101000010000
0001011000111100
0001111110100100
1111001110001001
1101101001001010
1000011110101100
1101100100010110
0010010000010000
0100001001101011
0101110000000110
1101111100101101
1100111111100101
0111011001100001
1100100111011111
1111011001101110
0110000101010000
0110011110000111
0010010000111010
1010000110100011
0001101110001101
0011001000111011
0100001111011001
1100011000011010
1101010001001011
1100011110111111
0101011101101011
1100011010101011
0001111111011101
0011000001111000
0111111110011101
1110111011010100
0101100100000010
0100000100001111
1111011100010001
1110001001001100
1000000000000000
0000000100010100
0000111011010111
0110101101111101
1100001110001100
1111110100000000
1100000110110000
1100100000100100
1000010001000001
1110101101110110
1000111110111010
0100101010101000
0010000011101010
0011110001000011
0000011101011110
1001000110100111
0001001111010101
1000011000001101
1111010000100001
0101011100011101
0000000101110111
0000011000101011
0011000010000010
1101111001111110
0110100110111110
1011100110010001
1001011001010100
0001101110111101
0101010001010111
0011011110100010
1101001010010110
1110011110100010
1011010111011100
1100110100110011
0000111110000110
1110011010101011
0111111111111111
0101001101011100
1111000110110101
0001000110100111
0011101001100111
1101110011110011
0100010000101011
1110110110101110
1100100101100001
0000111011111000
1111001000011011
1100011000000101
1110100011001110
0000001101110110
0111111111111111
1110111011101010
0010011111010110
1110011111001011
1010010111100010
0100110011011000
1000000000000000
1110000011010010
0010110010010010
0111011000001011
0001001011000110
0111100110000000
1110010011000010
1011011100010100
0111111111111111
1100101110111110
1100000101001100
1011111011100000
0100101000100110
0111001100000110
1110111010110001
1001101000111110
0010100001010011
1000100100111010
0010011000000111
0111110000001010
0011011001110101
1000000000000000
0110011010101100
0011010011001111
0010010011100010
1100010110011010
0001111111010001
1001111010011000
0101111111011100
0101011110010011
0001111111001101
0000011111011001
0100000111100101
0010001010001011
0111001001010001
1011001111010011
0001001111011011
1110101011010011
0001000100110011
0111011111100100
0001100000110100
0010110011101011
1001011001111100
1000000000000000
0111111111111111
1111101010111001
0001010010111110
0000001110110110
0001010010110011
1101101011010001
0001111110010110
1100110000101111
0001101111101011
1101011011110001
1000101110110010
0001100001101011
0010101000111101
0110010110101011
0111111111111111
0011100011100010
0110100000001100
1100100010101000
1101011011100000
1110011000011100
1110000011110110
1100101001100010
1111011101110111
0010110101010011
0100100101011101
0100111110010111
0011010111110111
0000011000100101
0101000011110011
0100001111010101
1100101010011001
0000111100101001
0100000001100110
1100011000011100
1001000010110010
1001111010001101
1101010100101000
1111100000000011
0000000000100110
0000111110010010
1111110100110110
1010110011011100
0101111110001100
0010111111001010
0001000110101000
1100011010100101
0010101010100001
1001010111011110
1111011000101100
0001001111111010
1000000000000000
0011111101001000
1001001101101001
0001111100111011
0100001001101100
1101111101100101
1110111111001011
1110001101000111
0110001010010111
0010100100010010
0001011001000101
0011000110011100
1110100010010111
0100110000100000
0111111111111111
0100000111110111
1101101000000101
1000000000000000
1111110100101010
0110011000000110
1111011111001010
0001001011010001
1111000001001110
1110011111100110
0011011111101010
1101000011111001
0011010100000101
1110111000111001
0110000111010111
1110101011111010
0001101010110111
0100000011110011
1001000010011001
1000000000000000
0011111111001001
1111000100000011
0100001001100100
1101111110101000
1001000001100001
1010010111110010
0011001110000010
0101101000011111
1100001111000110
1110000110010110
0001111011111011
1011011001001000
1011111101110100
1100001011011010
1000000000000000
1010001001001000
0001110000001000
1101100100001001
1110111100000100
1110111111100001
1101110110011100
1001111010101010
1110110101000101
0001111110101111
1000101100100110
0011110000111011
0001011110101110
1011000101101100
0000000000111001
0001111110111100
1110100101101010
1111111100110000
0001000000110100
1101100011101010
1110111011001100
0111111011111111
0111111100100111
1100010001100111
0000000000110000
0101101110000101
0100010111101111
0000010011000100
0100010111101101
0010011101000010
1010101010000011
0000010010110000
1111011101110010
0010111101011000
0010001001111001
0010101100001010
1110010001100100
1101111001000011
1011001010110001
0110011000110100
0000011110000011
1010100100110011
1111001101111111
0001101100110011
0001011001110001
1101111110100111
0010010111100001
1111011110111001
1100101110110110
0111011011101111
0001011111100011
0100111001011000
0110010001010111
1011000101010001
0001011000011100
0000111011001100
0011100000010100
1011110011100000
1111101101000011
1101111011010101
1110010001101111
1111100110011011
0100000001001110
1100101001110001
1010011111011000
0111101110100011
0000101010101111
1101111001100010
1101111011111010
0111111000001011
1111100110110111
1011011111100111
0000000001011011
0000111001011000
1110101111001110
1010010011100011
0111001001111100
0111111111111111
0100100101100101
0001111101101110
0011110011010011
1010011100000110
1000111010011100
1111101001001001
1011101010111101
0010110011000100
1100011101110010
1001110000001101
1001011010110011
1101101111000011
1111001100010101
0110111111101010
0011111111000001
1010111100001001
1010010111101000
1001110101011111
1000111001000010
1111011011011000
0110011101111111
0000101001010001
1100100111011111
1101110110011110
1011110001110010
1000100011101101
1101111100010010
1000101100000100
1110101000110001
1011111011010110
0000110000110001
0011000010110100
1101111001101111
1100110010000010
1111001111011001
0010000111001001
0011001100101101
0011001000011101
1111011111011111
1110001011100010
1110001100111000
1011011110101111
1100000111111101
1111010111000110
0001000100011111
0101111011010011
1100010100101000
1010001110001110
0011000110111010
1110011011101010
0000010101010010
1011000000000100
1011100111100101
1111000111100100
0010110010011111
0111110000000010
0000001110101000
1000010101000100
0111101111100000
0111100101110101
0100110111001010
0111111111111111
0101101011011010
0001100000011010
0100001010100110
1111001100001101
1101000010111110
1110100010111100
0000111010010011
0101101000110101
1110010010000010
0010100101000011
1110111111111100
1010110110111111
0110110010001110
0111111111111111
0110000011101101
0010010011101110
1111010000111011
0011101010011111
1001011110000011
1111010001000101
1011101011010001
1110110010100010
0110010110111011
0000100011101000
1010110101111101
0010011001010110
1101110110100000
0100010000001111
1110010110100011
0011101001101101
1010110001001000
0011010000011010
0001110011000111
1010101101100000
0000110111110000
0111010001111010
1111100000001010
1111011011010011
1111010011000000
0000101010110001
1101010101001010
1110000110111011
1000011010011100
0011100000101010
0100001101001100
1101001001010001
1000110000111110
0111111111111111
1001010100100000
1110110111111000
0100101000111001
0000000101111011
1000000000000000
1011011101111101
0110100000001111
0010110001101111
0110010011000101
1011101110001100
1100110010001000
0000011011011110
1000000000000000
1111011110101101
1001100111110111
0010001110000101
1010000100110010
0110100110000100
1101100110000001
0001000101100010
0110110000001001
0000100001000010
0001111010100100
1001100000101000
0101000011001000
0011111000001101
1011000011000100
1111100101100100
0010011110100000
0011001011001101
0001100011101010
1001100000110000
1110001101101101
0010001111101111
0010010000100000
1000000000000000
0000001101010011
1010011110010111
0000001010001001
0000010000000011
0111110101011111
1010010111011111
0010111101111001
1000000000011100
1100000100111101
0100010001010101
1011010100100111
1011001011011111
0000110111111100
1010110010011001
1110111101101010
0101111111110101
1010110101000111
0110110011111000
1000011101110111
0100100011010000
1011011010001000
0001000110000111
0001000011010011
0111111111111111
1111011000010011
1110000011100001
0111011111100111
0100110011111111
1111111111011111
0110101111101001
1010011001001001
1000111101111000
1100100010111010
0000001110111001
1010010110101010
1101111010001111
1101000110001110
0111111111111111
0101000101011101
1000010111011010
0011010000000001
1111011101110000
1100110011011001
0011011110010110
0000000111101101
0010110001000111
1100101100000110
0101100001101100
1001100001111101
0100101011111010
0111100011100111
0101001111010011
1000010110100100
0101101000100000
0000001101100000
1101111000001000
0001111001001111
0100101111110110
0010000101111111
0100011011010111
0111001110111100
0000101100110110
1111011000101110
0111000111011100
0001000101001111
1110001010010000
1110000111000110
1101101001110000
0000010111101010
0010100001001110
1110000101010101
0100100110100010
1111100110010100
1100110110010000
1100100000100010
1110111000100000
0100011000101111
0100101011100100
0001011110111001
1101100100100101
0111101110111010
0011100001000110
0001010110110110
0010001111111100
0110110001010111
1111111110100110
0011010000010000
0111000011100111
0101000101100100
0000000000001100
1111011011110101
0001010110010111
0001000001000000
1101000010100011
1110011000000111
1100111000110111
1101001010100011
1001000111111101
1100011011001010
0111001100001110
1100000000100101
1101110010010011
0101100101001111
0100000100010111
1011100010100110
0001011000101000
1110100001010100
1010000001000010
0110010010100011
1110110111010010
0110100100101110
0000001111001001
0100000101000110
0011001110100101
0111000110011011
0011000000100000
0101010111011111
0100011110000100
0100111001011011
0100111001000011
0110010010011011
0101000100011110
0111111111111111
0101000100001101
0010000110011110
1110110101001011
1111010111000100
0000100101000010
1111001101000111
0000011010001010
1101110010000100
0000000100101111
1011101010000000
1011011011000100
0000001101110001
0001100001001011
1100100110110010
0011100111010100
1110100010101010
1111101000000011
0000010111000110
0000001010000011
1011111111100110
1101011000101000
1101011011011011
0000010101001010
0000111111111100
0011000111001011
1111111001101110
1110010001101010
1101010010010001
0010101101101110
1011110000000110
1000000000000000
1000000000000000
1100000100011010
1011001110100000
1101111100100101
1110110100101110
1111010000011110
1100011001111100
0010010101101101
1111011001111100
1111100010110110
1111100001011100
0011111000001100
1101011011010001
0011000100100100
0101110110100100
1110110011000111
0101100001111111
1011010011000011
0100011010011000
1110110011011001
0101111001101000
0001001011100000
0011100010101101
1110101000010001
1000000000000000
1000000000000000
0011110001100011
0100111100110011
1100110011011110
1000010010001100
1010011011111011
0110000011011101
0010000110010011
1110111000010010
0110101001000001
1111110000010101
1111001100111010
1000110100100100
1000101111010010
0111101001000111
1101100110010000
0111101010111110
0001010001110100
1111110110001101
0010000001101010
0100011000010000
1100010010100110
1110111001001001
1111111010101001
0100000010011111
1100001000100111
0110010001001010
0111111111111111
1001110100011111
0011101101001000
1011101010000110
1000101000011100
