000100100010011101001000100000101001000110100101101111101101110011101111
000011110010110001110010011101111001010110100111101011011111000011111000
001111110100101001110111100011111001100010011001110111001101110111100111
000000000000111000011001010010110101101101100000011001000110010011000110
000101010001111001001100010011111010110010101100101110001111100011111001
000111110010001110100011101101101100111011010110111011001110110111101110
000100000010001000101011001011000010111010011010101000001110111011101111
000101010101111110000101100101111001101110111110110000111110001111110100
000010100000111100111000011011111000100010001010100110011011101111100000
000001110111111001111110100100111001100110110000110000001100000111101011
000100010111000010011000100111011010011110100111101010011100100111010001
000001000001110101010101100000111000010110100000101111011110100011111001
000101100010011000101101010000100110111010000011101000101111010111110111
000010010000111000011011010101000110010110101110110000001101100011111001
000011000001100000011010001010010010111101011100010111010111111010010000
000000110011000101101101100010101001011010011001101010001101000111101001
000110000010101101010110100000101100110111010100111001111110101111111011
000010110001010101000101010001100111011010001010101111011101010011010101
000001000001000000101010010100101000011010101011111000001111011011110110
000110100010000100111100010101011010101010111100110110111110110111111011
001100100011011101000101011010100111111010011110101000101011001011001010
000110100010100000111010100001101001011010110100110001001110101011110000
001011100101101101100000100110111010101010111100110010111101000111011000
000001010001010100101111001100101010000010100000101010001110011011110000
001100010101001101011110011001010110011110000001100001111010100111000001
000101110001100001010101011100110111100010001011100100011010101010110111
000010010001010101000011011000110111000001110100100101101001111111101001
000010010001111101100010100111111100000011001010110111111110000111101001
010010001000000110000101100110011001110110110001101111111101011111011111
000000110010110101000110011000110110010101111100011111101010100010101101
000000000010000000101100010000000101010101101000011111101110001111110111
000110000010101000110000011010000110100101101111101101011101000111111000
000000110010100100101101010000000101111101111011101110001100100111101011
000100100010100001001001011101111000100010011101101010001110000011110011
000101010001011100111001010001110110110111000100110010101101101111110101
000000010001000101010010010110111011100011000011110100111101100111111110
000101100010001000111111010110010101101010001000100101001010000110100100
001000010010110100111011010001111000001110000100100110001010010011010000
000000000101001001010010010110101000011110111001111000111111001111111010
000001110001101001000111011010110111001001111110100100101001111011011011
000000110010100101100011011011000111111010101100101101011101010011011010
001011000101110101101110100000101001100111011010111000101110100111111010
001011010011011001000000010110000111011101111101100000101110011011111111
000011010001010000110111011000011010100011010101111001101111100111111010
001101010101100101011110011100000111001010000111101101111101000011101000
000010010100010101001100010110010111100110000101101000101100101111100101
000101010001010100011100001001100010111100111010001111010100101111001011
000110000011111001010110100101011001100010101001110011011101111011111010
000000111001010010011001101001101010110110110111110000011110100011110110
001101110100111101100001011011001001000010010001101010011010101011101001
000011010101000101010010011001111000010110101011110000101100101011110000
000011000000111000101101100010111000110110010001110101011101111111111001
000110000010100000101011010100110101101001101010100010001010010011100000
000100000100000101111110110010001100101111010001110110001110110111110010
001111100101111001110101100001101001100010100111101101101100000011100000
000010100001100101100101100001101001000110100110111001101111010011110110
001000000010101001100110011001110110110001111001100011001010110111010001
000010000010000001010101011001111000010110110001101110111110110111111101
000000000001010100011010010110100110000110001100101011101011110111010101
001101100100010001110110011110001001011110110000101111011100100011101011
000000000000011000010010010100000101011101111111100001001100111111101111
001111100100000001010010100000111000101011000101110001111100101011111110
000111110100100101101011011110011010011110111111110011011101001111101011
000101000101101010000111101000011100011011001001110011001100110011111100
001110010101000101010010010111001001000110100010101111001110101111111001
000110010011001000111101011001101000001110000011100011001011001111011110
000000010001001001000000010001000101001001010110011101011000010110100101
000000110000100000101001010011010100111001111101100110111110011111110100
000011010001010100100001001001110011010001011101011000001100011111100001
001011000011000101110011011111011000001110010010100100111001011110111110
001101010101000001100110100110001001110110101100101111101111001011111100
000000010000101000101000010000110101101111000010110100011110000011111110
000000000011101001000101010010010110000001101011100010101100001111110001
000101100001101001000100100000101000001110100110101110001101011011110110
000000010011100100111011011101110111111001111110100010111101101111011110
000001100000110000011110010110110110011001111010101001001101001011101000
001000100110111001111110101110111011110011000001110000111101111111101100
011000100110001001110111100110011010010110110101110110001101110111101100
000111110010101100110101010001000101010001101110011011111100101011101010
001000100100111101111000011110011000001110110001101101001100011111010001
000101010001011100011101001000100101000001100001011100101010100011111000
010000100100100001101101011100000111000101110001100000001001011111101101
000011010011000000111011011001100110011101101111101111001101001111100101
000110010101001001010100101000111010111110110001101100101101101111101000
000000110001010001000100010010110100110101110001101011101110001111111010
001100110101001101010110100010001001111010110100110010001110110011111010
000001010000110001000101010110000101101110000000100001011011001011011010
000001110010110100111000010110110101111110011110101110101100100111110111
000100100010001001010101100001101001010110100101101110011101111111110000
000111010010110100110011001101100100000011000100110010001110111111101111
010000010101000001010011011001100110100001101000011100101011100111010010
001001010101100101100010100001101100010011001000110100111101101111111000
000011110000111100111001001110110110110110101111110110111110110111111000
000001100010001101000101010100011000110010100101101011101011110011110011
001010110011110101000100010010111000110110011011101000111110000011101111
000001110000101100011100001110110011110010111101101111111101111111110101
000110000001110101000001010101010101111001101110100010001100011011110000
000001000011001101010110010111000110011010001100100111001101001111010110
000011110100010110001101100101101101101011101001111100101111010011111011
000010010001000101010000011100011100001111001111110110001101111011100010
000010010001111001011101011101110111110010000100101000001011011011011011
001000000100100001100100100000101100000011000001111000101110010011110111
001010110011011101011011011010011010010111000000110000011110111011111001
000101100010110001001001011000000111001001110100100110101110000111100101
000001111000100110001101100100011010101010110110110011011101001011111000
000000000000011000110011100101111011110110111101110000011100100011010001
001010110011001101001101010110000111011001111000101010011011101011001100
001011010011011001001001010111001000110010101001101101011101110011110010
001000010011011001010100010111001001010010010101110010001100111011110111
001001010011010001010111010110100111010101111110101000001100010011011011
001000100010011000100111001010110011110101000010101100011100011111011001
001001000011010001000011010010010101101101110011101010011010110011100011
001000100010010001000001010010010111001110011000101000101010100010111110
001001010011100001000111011100100111100010001010100111001100100111101010
000011010010111101110000011111011000000010000100101011111101000011101110
000110100010001000110010001111111000110010001111100011111101010111111011
000011100001101001101100011111111000111010011001101000011010110111100001
000001100011110001011000011100111001111110101110101111111101101011011110
000000110000011010001111100100101011011111010100110110101110000111111011
000000110000100100010001000110000110100110100111101010011100001111001001
011101111001001110101100101101011011100111100001111000101110111111101111
000001110000110000010000000111100101111010111010110001101101001111110111
000001010010011100111100010111000110011001110101100101001010010111011011
001000010010011101000000010000110111101110101100101101111100001111101010
000100110011001001100100011110111000001110011110101011001101001111111101
000100010011000101001101010110000111110010001000100110111011000110110100
001001010011000101010100011000000110010001101010101001001100011011010001
001111010100000101010001011010010111100110100101101101001100010011100110
000000100100111101101101011101000111101110001101101001101010100111101111
000010000001011100011110001011010100000101100000011110001001111110110101
000010000011001101011110011111011001101110011100110001011100111111111100
000110100001110000111010010111000111111110000011100101111110110011111100
000000010001010001101010011110111100000011011110111000001110110011111010
000010010001001100101100100101011010111111010011110101001110111011111110
001000100010110101111001100010001011100010111101110111001101110111100001
000100110001101100101011001101000101000010011100101011001011100011010101
000101110001111000101010100100111010000110110100101101101011110111110110
001110000101101001011111011011010111010110010110100110011010000111000000
001010010010101000111111010011101000010110101101110010001111101111111111
001000110010100001101110011111011000011110010100110111011110010111111001
000001100000011100111100010011101001010110110001110010001101110011101100
000110000001101001001100010110101000000010001010100011111001010111010100
001010000010100101011100010111110111100110100110110010001101000011011100
011001010111010110000111101000101011011010111111110101001101010111110000
000100110001111101001010010101101010011010110010101111001111011111111100
000000010001110001000010010000110100110101111111100001011001101011101000
000000100000010100000110000101110110110001111010110010111110011011101001
001010110010110001010000101000101010101011100100111011101111011111111001
000010110001011000011110000111111001010110010110101000011100111011110000
000000100000100000101000001011000011000100110010010110111001011011100000
000000100010000001100000011111100111111010101000101011001100011011110110
001000000011101101001100011011111000101010100110110100111101101111111000
000001010001100010001010100010111011001010111001110100001110010111111111
001011110111010101111110100000111011100011000010110101111101101111101010
010011110110010001110010011101110111100010001000100101111100000111000011
000000110010010100101001100100011100101011100100111011011111000011110011
001100110101110010001010100111101011011111001011110101011111100111111101
010010010101000001010111010110100110011101101010011111101000001011100100
000110100010000001001110011101100111011110010100101001011100011111101110
001011010011101001000010010010010110011101110100011110000111111110011100
000000010010001000101001011101001000010010000101100110111011111111100101
000000110000011100010010001000110100100010010010101011011100110111101001
000001010001001101010010011001010110100010011001101100111011010111100110
001010110011111101010001011111111000000110001100101100011011011111001100
001001100101001010011010101000111011010111010011111001001110010111101011
001101100011111101101100011011110111010001110110101000101011111011010111
000000000001100000100100001110010101101010010101101111011110001011110110
000011000001100100101000011101101010111110111000110001101100110111101101
001010100011101001001010010111000111110010000110101001011010010111110011
001000000010011000101100001011100100111101010110010110111000001111111000
001100100100101001010110011100001001100110101000110010101111000011110111
000001000011010101010111010111000110101110000000100110111010110111110100
000000100000011000010011010101001000011110001100100111101011010011011010
000010000001101000100111010001000100111010010010101111111100010011011111
000101110001110001010001010101000101110110000100101011011101110111111011
000011100100001001010100010101000111010010000000101011001100011011011001
001111100101010110110101101110101100100011001110111011101111110011111101
000011010100101101101011011111000111111110111001110111111110011111110110
000001000001010010000011100111101010010011001000110010111101001011101111
001000110010111001011111011000001000011010100110110011101111000111111011
000110100010001000100110011010110111011010000001101110111101111111111000
000010100000101101000101100101001001100110110110101111011100011011101000
000001100010011101100000011011001000000010010111110011001110000111101010
010001110101011001100111100100001010000011001100111001101111011111111100
010101000111000110001000100100101001110110011111110110101110111111110111
000010000110110101111011100110101001110110101100101100011100110011101111
000000010000111010000011100101101010001111001011111001001110110011111000
000001100001000100110111010110110110010110011000101011101100000111100001
000001000001101001000000011100001000111011000000110010011101001111110100
001110110100011001001000011001001000110110110011101101111101010011011001
000001110010000101000110010111001000111010110001101111111110111011111001
000101110011001001001010011100000111011110101000101011011100000011011100
001000010010111000110111011011010111011001111010101101101101101011101001
000001100010110101110011011101011000011010011000110001001110011011111101
010010110101001001100100011110010111100110011010101010101110101111111010
000101000001110101010001010100110101110001110100011111001011100111010000
000000010001101101011000011001100110100001111111100111001010011010100110
000000110010010100110010010110010110010110100010101111001101000011101011
000101100101000001010101010111010101111110111000110110011101110011100010
000110000010010101100011011001100111101110000010101000001011011111101001
001000000010001000101010001011000101001101011011011100001010001111110110
001000000100101001111011100000111000100110011111101001101101110111011110
000010100010011101011111100001101001011010011110111000111111010011111011
000010010000111100110011010011000110101110000010100101011010011011001010
001001110100100001100100011111001010101111011010111000011110001111100101
000000110001110100101110010110110110001110111101110010101101011011111111
000111110011000100111010100001101000110010011000101100011011010011111001
000110010100111101011101011100111000000010010011101000111100010011111100
001011110101000001100101011101101000011010101110110101011101111011100001
000111100100001001010101100010101011110111000000110110101110100011111101
000010110100001101000100010010100101001001110110100011001010100011000111
000111000100101001010111100100001001111010101101101101001100000111111100
000101100001100100100011001110010110110110000010110010101100110111011110
000000000010000101000010010101010101101010001010101101001011100111111100
000011010001011100111010010010000110111010010001100110111011100011100111
001000100011110101010111011001100111010110001111111010011110101111111011
000110100001110001100001011101101001000110100001101100101100110111100000
000000010000101100100100001001100101100001110100100000001101010011110011
000000100000100000011111010110101000011110100011101011001110001111101010
001000100101000001010001010110110110100110001101100111101110011011111101
000100010001001000011101001110110101111110100011101010001100101011010001
000000000011001101000111100010101011110111000110110011011101101011101001
000110110100010101011010011000100111010110001011101010011100110011111110
000001000100110101010111011100111000001010010011101000011010111111000101
000001110011001001000110010010010111101101111111100010001010101111110000
000100110110101101101011011110110111111010011001101001011011011111010000
001101010110000001100111100001001000111010011110110001001101010011111000
000011100010000100101001001110110101010110001001101101001100101011010110
001100110101001101100011011111111001110010100011110010111101100011110011
000010100001010100011010011001001100101011011010111000111110101111111100
000000000010001100111101010101100110010011000100110001011111100011111001
011010111010011010100111101101101110011011101001111011111111010011111011
000000010010110100110100010111000101110101111100110010011100101011111000
000000110011011001011011011111001000011110000111100110101001111010100001
010000110101101001100100011011101010100111000111110100101111000011111001
000111110010000100101000010101100101100001011110100000111000010110000110
000111010010101101111010011110101000011010011000101100001100010011010100
000010110001010101000100010010010110101101111001100111011011000010111111
000000110010110101111010101000111011010111010011110101011101101011101100
000110000010001100101000010000100101011010101000110110011110011011100111
000011100011111101101011011011000111111010010101101000011101011011110100
000010010000101000101010100010101000101111000011110110001101111111100100
000010110001011100111010010110000110001010111001101110011101100111100111
001011110011111001001001010010110111001010010010101000001100001011011111
000110010001111100101100010001110100101001100010011111101001000111100001
000011110101110001100110011010010111110110011000100110011100010011100110
000011010010101000111001010010000100110001101110100110111010011111100010
000110000010011001011011010111000110000001100010100000101001011011100101
000011110010100100110011011000000111000010001001100100111010010011100101
000010000001010100011101001000101000100010011110110011101101011111111101
000001000110010101100111100110111001111110101110110100001101010111010101
010010110100110101011001011010000110100101111111100001011001011011111011
000110100010000001010011100000011000001010000011101110101110111111110010
000101100010001000110111011011111010011010101101110011111101101011100101
000001100000011000010110001000100010110100110110010001001101000011100011
000011000011100001001100010111001010101010111101110110111111111011111111
010111110110100001101101011101111010001110111111110011011101110111100101
000000100000110100110111001110010101101001101101100001011010111111110101
000011000001111100111101010001000101010101100010101110111100010011000100
000001100001010100100100011001110111100010110001101111011110101111111011
000111100011010101110000100101011011001111000110110001111100111111011011
000110000110111001110010011100100111110110111000110000111110110111110010
010110010101111101101100100010111010010010110001111001001111000011111101
001000100011000000110001001111011000010111000001110001001110101111110010
000010100011011101111101100011111001000010101111101111101110011011101000
000110010010010100101001100000001010110110101111110011001101000011010111
000001110001001100011010010011110101101101101100100011111101110111111001
000100000001100000101011001011100011010101010001110000011100000111010010
000011100000111100110000001101011011010110110111110010001100110011100111
000101100010000000100101001001100111100110000001100100101111010111111011
000011100010001101011010011010000110111001111100100111101011110011101101
000001010000111001000111010101011000110110101100101110011100110011010011
001100000011011001001010010110100111010010011100110110001110010111101010
001110000100001101010110100101001001100010101101110010101110111111111111
001001100011110001010000011001110111000001111101110000111101000111101011
000000100000110000100000010001010101000001100000100110101001110110101110
000001100000101100010010010101010101110101101001101110001111001011111001
001010000010110000111010010101000111111010110010101110001101111111111001
000111100010010000111100010010010111101010000010100001011011101111011100
000011100011000000110011011101101001010010110111101101111110010111111010
000001100010000000100101001110000111001110001100101111011110111111111111
010000000101111010011011100111011010000110110001101110011101110111101010
000000000100010101011111011011001001110010011101101001001010011011001000
010101010101011001100000011000111001001110010110111000111110111011110011
000001010001011001110000011100111000101110101001101100101011100111010001
001010110110000101101011011111110111111110000101100011011100100011001011
000101100001110000011111001001100110100010110111110011001100110111110100
000000100000011000110011011111001000001110110101101101111100010011111110
000010000001001101000101011000111000101110110111110010111100111011011111
000111010010000100100100010011100101000101110101100000111101000011011001
000111000011110001000010010011100110000101111100100001101001001010100110
000111110011001100111010010001111000001110001111100101001110011111101000
010011000101101001100001100000101000110110111111110000001110111111111010
000010000101000001101011011110011000000010010111100110101011110111001110
000000010000110100001101100010111001010010110101101110111101000111101010
001110010100011001101001011101111001011110110100110011001100111111110011
000000000001000100100010001101101001010010101000101011011100100011001101
000010100010010101001010010100000110011101110111011110001101100011110110
000010100001001000100010010001000100110101100101100101001001011011011010
000000110000100000001010000100110010101000101011100001011000111011010010
000111010011000101000110011100011001000110010001101011101011010111001011
001000110100100001011110011111011001000010100100110100001110100111110011
000001110010100001001111010100000101100001011111011001001000000011000110
001011000101010001111001100111101100000111000001111101111111100111111010
001001010011001000110101001110110101000101110110101100001100011111111010
000110000011011101000100100001011010101110110010110110111110010111101110
001001000010110100111011010000000101100001111110100010101011000011011011
001101000101101001011111100001011001011110011000110011101110100011110100
000111100100001101110011011101011100101011001110110011101101011011110101
001100010101010110011101101000001101010111011001111001011110110011110011
000010100000101101001100100010001001010010101101101100011111010011111001
000001110001010000110010010100100110000110000111100010111110111111110001
000010110001111100101111001101010100100110010101101101111110001011101110
001000000010110101001001100000101010010010111000110000101100111011100101
001000000011010101000100010111010111011110110000101101011101101111100110
000100010100100001111101100010011001100010011001100111011011101111110001
010101000101111001100000100001111001100110100000101101101100001011010111
000101000010110100111111010111100110000010000111100110011011111111100000
000000010100001101010110011001000110011010110110110011001110011011111101
000001110010011000111001011111101010000011000000110011011101110111111000
001001110011111101001110011011001010011010111101110101001110011111110110
000001010000101000001111010100001010110011010000111001001110010011101010
001011100101100010010101100101101100111111010000110110011111110111111111
000100110010011100101011010100011000101010001010100011001001111010111110
000010100001010101001000010010100110010110000010101111001110011111101001
000001010010001100101010001111100100111101101111101111101110011011110100
010000110100011101010001010110010101100101100100100110111100111011101001
001001010010110000101111010010100101010010100010101001001011100011001011
000000000101000010100000101000111011010111001001110010011101000011111010
000101100001100100100001010100000101101101111010100000101000111010110101
000111010010111110000100100101001011000111000011110101111110110111111011
000110010011100001010101010101100111100110011011101011111111011111111000
000101110001100101001011011000110110010001110011100111011001111010110010
001011000011010000111111010110010111000010000100110000001101101111100100
000101000010000100100100010001000100110101011010011000101000101111011001
000010110001111101000101011001100111101110111000101110111011111011101110
001111000011110001100011011111111001011010100011101001001100011011010100
010100000101111001011111011111001001110010100101110111101111000011110101
001111100101101101100010101010011010111110111000111011111111001111111100
000100010100001101011110011000001000011010000110100111001010000011110011
000011100001010100011010010011110110000001100010100001001001110111011110
001001000011000100110001011000110111110010000010100001111101101011100101
000011010010000101100010011010010111110110000111100100101100001011111001
001011010100000101011001011011000111111010000000100000011001011011001000
000010010000110101010110100001011000100110001011110001101101101011100101
000101110100010101001010010101100110101110000010100010001011001011101111
000011100010011101010001011001101000101010001110110111001110110011110011
011011110111010101111110100110111001110010101110110100001110010011101101
000001000000101101100001011010010111101010010001100110011010010010110011
000001110001011001101000100110111100000111001010110110001110001011110101
000111000100111001100110011010010111011110011110101101101101011111011010
000111100011000001000111010101011001011111011101111000011110010111101111
000011010001001100100011001110100100111010100111110000111100010111001011
000001110000101100010010001011110011010010110110110010011101010011100011
010010000100100101001100011001000110111110100001101001101100000011110001
001010100011000101101001011111000111111110001011100011001001000010110011
000000000000111100100001001110011000101110010111100110001100101111011111
001101010100111001100001100101011010000110111010110010111110101111101110
000011100001000001001011100000111010110110101111111001001111010111111110
000000000000111000011011001111100110101101101101011101101001001110101111
000000000000011100001101010000010110000101110111100010011001100011111000
000000110010011100110100011011110111111110101000110000011110001011100111
001010000110011001111101100100111011001011000000110111011110100011110110
010001110101111101101001100010111010111010111110110101001101110011100000
000011000001101100110011011000011001011011000011111001101110111011111100
000011010010010100111100010000010101100101100101011111011010000111110100
000000110010100001000111100001101001000110110111110010111110110111110001
000000010011010001001001010100010111101110001101101011111101001011011000
001100100011101101001010011000000111101010101011101111101110010111110101
010011010101110001111001100010111100100111010101111000101111101011111011
001000010101101101011110100010001001100110101101101011111011111111111101
000001100001000101100101011001110110111010010100100110001100000011111001
001001010010101000101111001101110100101101101011100100011010100011001011
000100110010111100111000010001000110011110110010101110111111000011111110
000001000001011100111100010100010111110010010110110101011111110111111111
011001100111000001110110101101111101000011011100111010101110110011110101
000001100000111100101111010101000110101010000011101101001011110111111101
001110110100000001000010010111000111100010011100110000101101001011111001
001000100011000001010101011101111000000010000000100100111001111111001011
010110100111111110000011101000111010100111000101110001111101010011011101
001001010011000101110010100000011001111010111111111010101111001011110111
000000000001111100101000011100100111010010100110101010011011011111110000
001000100010011001011100011001001001111110110110101110101111001011110011
010000100110001110001010100100111001100011001101110110111110010011101100
000000010010100001001100010111000110101010000110101011111100100011011100
000110000001110001000000010001000110001001111010100111101011000111101101
001100000100000101011011011010010111110110001010101111111100111111101100
000100100010001100101001010000010110011101100111011111001000010011110010
000000010010010001110101011111111101001011100001111010001110101011111111
001001000010111000110011010001000111111010001110100101011010111011101111
000001110001100000011001001101110111101101111100110101101111100111111100
000001000000010000000101000010100011011101100001101011101101010011100110
000011000010110001000010010010001001111110100000110100101101110111101100
010100010101100101100100011010110111110010011000101000101101110011110100
001000100010011101101001011011001000001110010010100101111101101111101111
001000010011100000111001010011100110101001101011011101101001111111010101
000011110010011110001000100100101001111110101101101101101101111111101110
000110110010101000101110001110100110110001110110011111011000000111010101
000110000011100001111000011111011000100110101000101010011011010011101100
000010100010001100111010100000101001001010110110110011001101000111110111
000101000010110101101110011111011000010010011110101100001011011011010000
000010100001000101001000010011110101000001110110100110011011000011101000
000111110010001100100110010000010100100101001001100001101011111111000101
000001010001110001100110011111001010011011000101110100001101100011111110
001111110101100101011100100010111001110110101000101101111101111111100111
000010110110101010001100101001001010101010101100101111001100101011110101
000001110000110000011110001101100100000101011100110001101101010111011111
000011000001101000100111010010110111010110101101111001101111000011110100
000000010001100100100000010000000101110101100100101111011110010111111101
010010000101010001100100011001111000001110010010101011101011111011100011
000101010001101101010000010110010101111101100111011100000111011011001100
000000010100011101001001011000111000100010100101101110101100100011111001
000101010010010101000100010011010110100001111101110110101110000011111011
000101000110101001111111100101011010011010101100101100001110001011110101
000101110001100001101000011100010111111010001011101110101100010111010111
000110000100011101001001011101000111101010001111101001111100110111111001
001001000110011001101001100111011010010010101011101111101100010111101000
000001110000110000111110010011110101001101110001011110101000011111111100
000101110010110101001101100111111101000011010111111000101111011111111000
000001110000111101100110101000101011001111000011110001011100111011101110
000011000010010100111110001111110100101101110011011101011001011110100011
000010100010011101000001100001111010101110110000110101111101100111111010
001101110100010101011100011100111000111110101010101110011100001011111101
000101010010000000100011001111000101011101111001101110111011111111100000
001010000011001000111111010110000101111110011110101001011011010011110010
000000000010110100110000001101110101100101100001011011001100000111110100
000000110101000110010001101010011010101110111001110001111110101011110100
000000110010010101000010010010010100100101011010110011011110011111101011
000011000010010001010111010111100111000001110111011111111110100111110000
001001000011001100111111011100111010100111001011110110101110100111110001
000111000011101110000100100010011000110110101100110110001101110011110101
000000000010001000111010010011000110011010100100101010011011100011100010
000001110011000100110100010001110100101101011011011111011001101011001010
000001000101010001011010011001111010010110110010110010011111000011111001
000010010000110100010011001101010110010001110001011110101100001011011101
000001110001011000101110010010101000011110011000101000101100110111011001
000010110100001101010101011111111000111110100001110001011110111011110101
000001000011110100111110010000000111101110100101101010001110011111111101
001011000011010000110110011001001000010110011101101001001011010011101111
000011000010001100100100001010110100110001001110101100111110101011110010
000100000010001001010110010111000111110110000010100110001001101111000001
001000000010001000100110011100001000000010000000100100011011100111010010
001000110100100001010111100011101001000111001010110100001101110111110010
000000110011100001000010010001110111101001111111101001001100000111100000
001101000011011110001111101010011100011011011010111000111111001111111100
001000110010111001000101010111010110010110000011100000111000101011011011
000100000100100001010010011101101000011110001000110001001100101011101100
000001000111010010000000100001001001011110101000101111001110001011100100
001000110100011001010000010101000101011010010010110101001101100011101101
000010110001011000110010010001000100110101001110010110111001110011010110
000110100010100100101111010001000111010101111100100111001100110111111101
000111000010100100110010001101010100000001000101010111001001110011010101
000001000001001101101011011101100111110110111101110100111101111111101000
001001100110010110000101100110101010010110110000110000101101101011100001
000001110001010001100000100001011001101010110100101101111111000011111011
000110010010001000101100010011100101101001101100101110011011101111111011
000011010010000100100101001110100101010001100100011111011011111011011111
010010110110010001101110011011111011101011001110111001101110101111110000
001011010111100110100001101000101010100011010101111001011111101011111011
001110010100010001010100100001101001001010010110100111001100000011101010
000011110010101101101110011100011000011010001111110110101111010111111011
000111100100110001101000011110011000001010011011100111001010001011000010
001100110011010001011000010111010101111010100001101111011101001111110110
000110110100011001010010010110001001100110111100101111101100010111101111
000001010000110000110000011010110111110010000100111000011110001111100101
000000100000101100010010001101001000000110010000101001011100100011011000
000000010001000001000110010010100101000001011000111001011110011111110110
000000010000001000010010001111100100010101110010101001111100110111110111
001101110101000001110101100110001010110110111011110000011100001011011100
001000010010111000111101010010010110100110110011110000111110110111101110
000100010011110001100010011010100110101101110101101011001011111011110010
001001100011000101100111100001001010011110110101111100001111000011111111
001111100101101101101110100010011001000010010101100111101110010111100111
001010010010110101001010011101011001000110011010101000101100011111110110
000000000000100100101011010100111010111010110100110000011101011111101010
001010100100100001111010100101101001011110011110110011101101011011011101
000001110000111000101001001101100100101110001001110001001101010111011000
000110100110000101101111011101100111100110010110110010001100111011111100
001100100100001001000011010100100101110010010110101101011110000011100001
000011110010010101000101010111101010110111011001111100001111000111111100
000001000010000101011011100101111001101110011110110000001100110111010101
000010100000101100011010011111010111111101111111100111001101100011011110
000001100001001000011100001101101001100011000011110101111101101111100001
001011110100111001100110100101101010001111000100110011111101101011110010
000000000000101000110001010110000110111001111100101101111101000011100000
001000010101101010000000100000011001100010110110110001101100110011001100
000101010011011101010000010100110101100001011000100001111010000011000100
001011000011101001011011011101000111110111011110111000101110100111101011
010001010100101001110010101100101011010010110100110101101110001011101111
000110010011001001001100011011100111101010001000100011001001011011100011
001010000100101101101111011111011000011010101011110001101110110111111110
000001110011010100111011010011100101010001111000011111101010011110100111
001001010010011000101011010111001010000010101000101100111011101011001001
000110010010111001001110100001001000101010111001110101101110101111101111
000110110110100001101011011100110111111010000111101010111100000011110101
010111001000101110011000100111111010100110110101111000001110100111110001
000011010010011101111000011111101001001110100001110000111101101011111010
010000100101101101101100011100101010111011011110111101011111110111111110
001001110011110010011000100111011010110110110101101111101101000111110000
000010000000111000101110100000001011000110110010110110101110100011110111
011010001001111010101011101100011011011011100010111110101111101011111101
000110110011110000111100010011000100111001010011100110111110000011100001
000110000111001010000011100010011001011010100001110001011100110111011111
000001010010010000101000011000100110111110010111100111011100101111111011
000111010010111001100110011010010111100110001010101000101011111011011011
000101000010000101001100100101111001101110101100110000101110010011100110
000000010000101000001100011010010111001110011101101101011110011011110001
000110110011100101001010011001100110101110011011110010001101100011111111
000100110001110100110001010001000100100001001010011010001011111011110011
000010110001110000110001001111100100001001110110100011111001101111000010
000010110001010000110010001110110101011101101101011100101010111110110110
000100010011010101101111011110001000000110001110110001001110101011111000
000001110010100000101001001100000101100101100100101101001110110111110101
000010100100011101001000010101000101101101011100011001100111000011101010
001011100011010101000101010010100101111001101100100011111010111010111010
000111100100110001010000011101111011000011000110110110011101101111100100
000010110011010101010000010111000111100110000101100101101010111011001011
001010110011000101010111011110010111110110001111101000101101100111011010
000101110001110000110001001111110110000101100100011101111011111111111111
001100110111011010011100101001001011100010111101110011011101010011111110
000100100010001000101011011101011001001010010111101000001100110111110100
000001000100010101001001101001101011010111011010111000011111000011110111
001000000011110001001011011000100110100010011000101100011100011011101100
000110010001110100111111010000100110110101110010011101111010000011100010
000001110001000100011011001011010100101101100011011101011010110111001001
000111010101010101101101011011101010100010101101110000101101011111011101
001001000011110101001100010100111001010110100010111001111111001011110011
001110100011110101000100010100101000001010001000101000101101001111101100
000110110100000001001010100101011010110010101110101110001011110011110101
000000000100000001001000010011100101010101100100011011100111110010001001
000010010001010100110001011001011001001110011101101011011100111011011011
000010110011000101001000010011110101100010100001101101011011011011010100
000000010110101010000011100010011010100010101000101111011100101111111011
000001100010000100101011001111110110000010011000101100001100101011100100
001010100101110001110111100001011010011110101101110100011111001111111010
001101110100101001101001011101011001011110100100101101111100110011110101
000010000001011001010101011010100111011101110111100000011000011111001110
001100000100000001001100010011010100111001010010110001001100111111100100
001011110100000001100100011011000111011110011011101101111101000011011101
000111000011000000111101001111110110010001110000100110111100111011101111
000000110000100000010001000110011010010010111000110010011101011011101011
000011100001101001001000010111010101110101100110100011111001100110110101
000100000110001101111101100010011001001010100000101110011100011011010100
001000010100000001110001011111111001011110111111110011001100111011010111
000110100100100101001100100101111010001110101111110111111111011011111000
000001000000111100010101001101100100010001101100101001111100001011111011
000011010110001001110101100011001010010110101100110010011100111011110010
000110000101000010010011100110111010110010101100101101001110010011111011
000000000010001001100100100100101011100111001000110010001100101111001111
000011100001110100110010001111100110001001101111011110011000110111010000
001000110011101101001011011100111010010110101111110110011110011011101110
000110000100010001001000010011100101100110111011111001101110111011111111
001000100011010101010110010111110110000001101100100010011000110111000010
000000000001000100100110010100110101111110000101100001011000101111001101
001100010011001001110100011101111000100110001101101001011010100111000101
000011000100111101101100101000101100001111101100111011001111001111111111
000011010100011001001011010111000111001010111101110011011100111011110101
010011000101100001011011011001000111000110010011101000101100110011100110
010101000110001001101111011110101010110011000111110001111101001111110101
000101000001111100100010011111011000111010010001101000111010111111011110
000000010011001001000001011011111000010010000101100110001011110010111101
000111010010011100101100001111110100101001101011011101011000110110011111
000010100011100001001000010010000101110101111101100010011110100011110101
000011010100110001011010101011011011001111010100111010011110110011111100
001010000100000001111101100011001001010010011011101111001011111111010101
000001000001111001000001010100010111001010101001101010101110100111111000
000111010010111001010100100000111001010111001111110100001101010111111001
000110100011010001010110010110010110111010110111101110101100001011000111
001101010100110101011010011000110111110010101101101111011101101011100110
000001010000100100010011000101010010101101010101101000011100000011001010
000010010010111101001111011011011000000010100110110000001101001111101110
001000010101100001111011100111111010010110101100110000001100101011101111
000011010010101000101110010101110101110001101101100010011010111111100001
000111000011111001011011100000011000100110100000110100001101110011100001
000000110000100001000101100001111011110111001010110110101110000111110001
000011010100010001101001011100101010010011001110110110111110000111100011
000110010001101100111101010100110101111001100100100001011110111111110010
000101010001011001111001011111101001000110010101110000111111010011111110
000011100001101000101000001110000101011101011110011001110110110011011110
000100010001100101010111010110101000011011000110110100011101010111110100
000000100011001100110111001111110100001001001000101000111011010011001110
000101000100010001010101100001001001011010011011101110001100001011110111
000100100010110101001010010101010110001001101000100010111110011011111010
001100110011101100111110010000000111010011010011110101001110000111100110
000110000011101100111111010011100110110001110010100010011101001011110001
000101000011110001111111100010001001010111000100110010001110010011101000
011111111001010110101101101111111101000111010010111011001110110011110111
001101110101111111000101110111011110100111110101111101101111101011111101
000010100101111101100100011011111001100110101110101011101101110011110001
000101000001011101001100010011010110001010010110101010001010100111001011
001100110111001001110101100000001001001110101010101011011100000111101101
001000100010001100111101010001101011100010111010110000001111101011111101
000011100101001001011000011100110111001110000010100010111110100111101111
001101000100101001011000011001110111011001111101100100111001010011111010
000011000010111001011000010111110111000010100000101110001110101111110101
010011000110001001100011100000111001110010100001101111001100000111011100
010001001001101110110100101111111100011011100011111000111110011111111011
001110000100011001001100011000010110100001111110110010001110100111111111
000010100001101000110001100010111101110011100011111010011111000111111001
001000010100000001001100010111110110100101110110100000001000011111001011
000011110001011000100100001100100011100100111011011010101000001111101100
000010110010000000100101001100110100101010100010101100101011010111010100
010111010111101010001011101001111011011111000001110100111110001011101111
001000110010100101111011100011011010111110111111110000101100010011111010
000001010001011000101010010001011000010110001111100110111011000111000000
000110000011010100110111010111100111111010011110101010101011001110110011
000011110001101001000011010111110110010011100011111010011111001111111110
000010000100100001111110100011011001111010111111110110101111000111110010
000011000001000100011110001000010101100110101101110001101100100111111100
000010010001011101001111011011110111101110000111100111111010011110111111
001100110101110001110101011111001000111110100000101100001011011111010010
000101010001110000100111001010010010111001101100100000001000100010110110
000010010001010000011101001010111000011110001100101010011100101111100110
010101100111110010011011101100111100100111001011110011101110010011101010
000100100011101100111101011001101001001010010111100111111011110111001001
001100110011101001011101100001001001010010010111101111111101000011110011
000011110001010000100101001101010101010001010101011010001100110011011000
001101000100001001111000100011101001001010011011101011111111101011111110
000110010011001101001101010011100111011110100000110011001100111111011010
000001000010000100101001010000010111001101110011100101111010101111000011
000000000101101101100001011000110111001110101000101111001110101111101101
000110110010010000101000010001001010101010111101101111101101100111101001
000010010111000001111100101100001011010111000111110111011110101111111001
000100000100111101100010011110101000111110010100100101001100001011101100
000001100100100101001011010100110110001010010000101100101111001111111110
000011100010101000110111001110111000100010011110101001011100011111100000
000100110010101101001010010111101010000010100100101011011011001111000011
000011010010011000110111001110110101010011001110110110111111001011111010
000110110010011101000001010011100110101010011110110010111101011111011000
000111100011010000111100100010101010011010110000101111101100011111100011
000010110010010000110000001101100111101110000101100110001010010011101110
001010110100100001011001011000010110000101101000100010101010011110110100
000000000000110101100010101100011011111011000000110010011100101011001011
000001010001100000100111010110110111001110100011101001111011011111001101
001010110011001100110100001110011000001010000101100100111010000011110000
001100000100010001000101011101010111110010010010100100111101000111101110
000100010010110101010000011010001000110110011110101000111011000011001010
000011010010111001001001100001001001110010110101101110001100101111110011
000010110101000101100100011010010111010010000111100111111011100011001011
000010010001100100011101010011011011001011000011110011101111110111111111
001001000010101001110001101000111010111010110010110111011110011111111100
000111100011000000110100010000110101010101110001011101101000000010010011
000001010001111000110110010010010101001101110101101101011011100011001110
001111000100010001010000011011101001110110100111110000001100001111100000
001011110011110001000101010110111000110011011100111000111111011011111111
000111100100110001101001100010111001000110100101101001101101001111111011
000011110010010000101100100110001011000011011111111001011111010111111010
001011010100011001010010010101100111010110001100100011001101111011101111
000011100101101001011110101001111101010111101011111100001111011111111110
000011110001010100111010001110110011110101001010011001111010000010111101
000001110010100101010001011000100111110010101010110100001101010111100101
001101010100001110000000100010101001100011001000110101101110010011111011
000100010010110101001100011101001000000110001100101100101100111011011100
000010010000110000010000000111110100101001100011101010011110001011100011
000000100001100100101010010101011010010111000110111010111111000011110110
001110100100000101000110010101110110100110100101101100001110000111100101
000101000001100001010001011111011000001110010101110010011111010011111110
000001010011000000111101010001000100100001010000011011100111101011000011
001011000011001100110011011100011001100110100101101100111011101111110000
000100000100000001011111011000010110010110010111101011011010110111011000
000000100000001101111111100110001010001010100111110011111110000011110111
000100010001100000101100011000000110101001110110101010111010111010110110
000011110001110000111110010011111000111110101110110111001111000111111110
001001000010100001000100010110000101100001111110100000011011100011111100
001000000101011110000111101100011100001011011110111001101110011011110000
000010100000101100001110000111110010000101000101101101001100010011011001
000101000110000101100100011011101000110010011111110011101101001011110001
000010000001110000100111001011100100010101000110011010001101110011110110
000111110010011100110101010000010110110101111001100110111110011111100111
000110000010010001000011010100011001101010101010101011111101001111010101
000011100011011001010101100111101011011111000000110100011110010111100101
001111110100000001100010100111001010000010101001110011101101011111111111
001001000011000000110110001111000101010001110100100100001100100111010000
000010000001001000111011010001011001101010110100101111101101101011011101
000000010001101000101010011100011000100110111101110101101110000011110100
001011110011111001011101011111111010001111000011110011001101100111011111
000110000001111010001101101000111010111110110111110110101101110011101001
000100000010100101001101010111100101111110100101101111111100011011100011
000001100001010000100110010111110110000110100001101110011101011011011110
010000110110000101101101011100101011011011010011110111011110010111110110
010010100110010101111010011111111000111110101000110011011100111111010011
001001100010100000110100011010010111100001111001110000101101100111111000
000010110001001100111010011010111001110110011111101011011110110111110100
001000111001010110011000100110011001111110101100101011001101011011101111
000101010001101000011100001110100101011001110011100100011011001011111001
001010100011001101010010010110110101110010011000100111101101100111111101
010001100110101001110001100001111000111010010100101010001101010011101011
010101000101100001011111011010010110101001111101101000001110110111110010
000000010010100100110001001101101010011011010011111011111111000011110001
000011010001000000110000011001000111110010011101101100101011111111011001
001110010011110101001001010111101010001110111110110001011101111111111110
001011010100011001010110011000010111001001111000101001001100000011011110
000010110001110100110010001111110110000101111110100100101100101111010100
000001000001101100110001001100010111110010101101110001001100011111001101
001011100011111001000001010001000101010110110101110000011101001111110101
010000100100010101100001011010001001001110110100101101111011110011110010
000001110001000110000101100010011000110010100010101010001011100011000000
000000100000011000001111010010110101000101011110011111011010111011000001
000100110001011000101010001011000100111001010110011011111000000111110111
000000010000100000001110001110011000010010100100101111011100000111101100
000110000001110101000011011000010110011010111100110101101101011111100110
000100100001100100111110010100000110011110001110101010001011011111011010
001101010100111101100100011100100111111010101101101101011011010111011111
000010110010110100110000010110111001000110100001101011111110110011111010
001111110100000001000000010000110101100010000011110011101101001011101100
000000110101001101010110011000100110001110000010101101001100001011000111
000000110000011100100000001101100101010101101011101111011100000111001011
000001000011000000111110010011000100111110100010110110101110101111110100
010011000100110101010000011000110111110110011010101000111100110111100101
000010110011111101011011011001011000000110100101110000101100001111011001
000001010000111000100001010001110101011101101001101001011100111111111010
000001100000011000010010000110000010111001100011011110111011100011011101
000110000010100001000111010110110110010101101110100000101001011011110111
001000010010100100111010010000111010110010101110110000101101101011100000
001001100011001100111111010001100110100110011111101110101101010111111101
000101110010111000110000011000000110011110001010101010001100101111010011
001011110101010101100100100001101011000111000110110110011110011111101101
000001110000110000010100011011101010000010111111110111111111010111111111
000011000001000000101000011000101001000010011001101110001110100111101010
000000110011010100111010011001101000001111000001110101101110011011101110
001101010011011101001100010100110111110001111111101001001100100011110110
000001010000100100001010000110010110000101101111100000101001001010110000
000000000010010000110100011001010110011110010000101001001101110111111111
000001110000111101000111010110110111111010101011110011001110000011101000
000001110001100000100001001100000011110101100100011001011110010111110001
000010100100001101010000010110011001101010011101101111001110000111111001
001000000111000001111110100001101001001010110110101110011100101111101011
000001110101000101011001011001011010111110110010110010001101001111011110
000101010001110100011110011001100111001010001000101010101100101111110011
000101110001100100110110010010100101110111001111110111001110011111111000
001000110011011101110110101000001010010110101101110111111111101111111110
000101000100000001101110100010011010010010110100110000101110101011111001
001010110011010101010111011101110111100101111100101011111011000011000101
000001110001100100011011001101000100011001111011110101001101111011100011
000111010011011000111100100100111011000111000100110100011101010011111111
001101010011100101100001011011010111011010110000110111011110001011101110
000000000010000101100010101000101011000110110001101110001110100111111001
001101110110011001111001100011011010001010100100110111001110100011111011
000011100100000101101010011100111000101010011010101101001100110011111111
011001010110100010000011100011111001000010110110110001111101100111100101
000110000001101000011111001101001000110110010111110010011100111111100010
001000100100111101010111100010001010011110111001111001001110011011110001
011100001000000010000111100011101010000011001101110100001101101111110101
000001110000110000101010011010000110101110001100110000111100100011011101
001000010111000101110111011111111000101010011001101000101011110111000011
000000010011011101011111011000100111110010000010100101111101001111100111
000001110001010100111000011000011001000010010110110100001110100111111111
011100110111110110001011100111111010001011011010111010111110101111111001
001100100011011000111010010001010111010001111001100001011001000010110001
000011000011001001001110010101111000111110101100101100111110001111101000
000001100101000001010001011011100111100101111011100100011001101011110110
000111110110001110000110100111011011000011000000110100111110000011110010
000001000001000100100110101011001011010011001010110110001110001111111001
000011000000111001000010010000111000001110000110101001011010011111100110
001100100100011101100000011000001000111011001111111101011111111011111110
000001110000110100010010001110010101001101111011100011111100010011010001
010111100110100101110001011100101001010010111000110000101100101111110010
000011010011011101100001011100001010111010111111110010001100100111011000
001010000011001101000000010101010110000110000111101111011100100011111110
001010100011001101000000011010011001100010011000101010001100100111111110
000100100001010000100110001010100101001001100010100011001011010111000110
000100010001101101001010010011111001011010110001110010101111001011111010
000001110000100000110101010110001010001111000000111001101110101011101011
001011100101011001010111010110010101101001101010101110001100110011110100
000000100011111001111000100001011010011010101110110100011110010111111000
000110010111111110011001100111101010011010101000110110101111000111110111
001100000011011101001100011001010111001011010101110111111111100111111011
001101010101010101101111011011110111010010100001101101101101110011100011
000000100001010100011001010111100110010010010011101011001010111111000011
000101000011101101100001100000011001010010110110110101011101101011110110
000001100100001001011110011011101000011110000111100100101101000111110010
000111100010101101011100011011101000001010010110101010101010111010111000
000100010010001101111011100010011001010010101010101111011100001111001101
001100110011010001110111101000011100101111011000110111011101111011111100
000100010100001101110010100101101011100010111010110001011110100011101010
000001100101101101101000011111011000001010110011110001001100011111100101
000110000001110000100111001111010101100101110000011100011000100111011000
000110100010100001010000011011100111010010101011101100011011010111011000
000011000011000000110010101010001011110010111101110000001100011011011111
001000100010101000110000011101011000001010001011101101011100010011010101
000100000010000100111011100110111011001011000000110011101110000011110111
000110000010000100100111011101110111111010111001110001111101101111100011
000000010000001000000010000010010010001001111001101100111100101011100101
000110010100011001111001101111111100011011010001110101101101101011011110
000010110101110101100001011100011001011110100110110010001111011011110111
010000110100110001101000011010011000000010000000101000001011010111000111
010101100110000101110000011101110111111010011110101011011101000111110010
000010100010000000100010001101110100110001011100011110011110011011110001
001001010100011001010011010101110101110010001100110011111101010111100011
000101000010011000110010001101000101111110001001100110111100000011111111
000011100001011001001110010111110110101101111111101001101100001011111001
000011000001001100111001010110001010110010110000101110111110000111101111
000010100110000101110000100000111001100110100100101101001101111111110101
000000110001111100101010010101011010100010101110110111001110010111101010
000001000001111001011011011011111001001110101111111011101111000111110111
000111010010011000101001001111110101101001110110100111011010000111011001
001110010011110001001000010010011000000010000111101001101101100011110100
000010100011000001010110011000111010110011001110110011101110010011101101
000111000111100110001001100010101001011110101111101111101111010111111110
000010000001100000101101001110101001011011001010110110011110000111101101
000101100110011101111111100101111011001110110101110000001110000111101011
000101010001011100011100010011110101011101100011011011101001110011000011
000111000100000001001100010011110101101101101100101011111100001111010111
000111100101011001101100100010001001100110011001101100001011000110111110
000000010000000100111011011010001001000010010101100110101010101110110111
000111110011111001001110010110000101100001011101101000111100010111101100
000010000000111000010110001001000010110010010101111000101111100011111011
001011110100000101001100010101100110011001111001100001111010001011011110
000110110011101101000001010010100111011110100100101100001011011111111101
000011010010000000101001010111010111000101111000101111101110000011111111
001000110100100101110011100000101000100010101110110100001101101111111011
000001000001000100111111010011011001110110101001110010001101111111100100
000100110010011101010110011010000111011110110001110010111101000111110111
000110110110100101101110011111000111111110011110101010101101100111101110
000000000000011100100001001011010100001001011000110001011101101111111111
001010100011000100110110011000111001000010010010101100111100011011010001
000001010000101100110010001101010100101101101010101010011110000011100111
000010010000110100101010001011100100011110000000100101001100111011011101
000111000011110001011011010110110110110110111101111000001110101011110011
000000100000110000100100001101010101010001010101011010101010011011100101
000011000010111001011111011110011001110110110110110101001101110111101111
001000000010101101000000010000111000110010101001101011101011001010110110
001000010011111001100011101001101011011111000010110100011110001111100101
000111100010000100101100011000101010101011010110111010101111001011111100
000100000001101100100111010101100101011101111010100110001111010011111000
000000010001100100100010001101100100101101010000100111101110100111101100
001001000011100101010110011110100111110010100000101111011100000011011010
000101110011101101011000011100011011100011000010111000101110010011101111
001001110101100110011100100111001010001010101000101011001100001111011001
001000000010000100111111010000010101010101100011100110111001101111110010
001000100010111000111110010010101000001110001100100110001001111011110111
000011100011000100110011010110010110011101101110011111111001100110100010
001000010011000000110100010101001000011010000111110011101110011111111101
000101110011111001000111011100111000010010001110100101111100011111110110
000110010010001000100111100101001001010111001011110011101101000011100101
000100010011100101010111011001100110101110101000101100101011001111000101
010010000100100001011001010111010111001011010101110110011111011111111110
000111010101001101011111100001001000101010011110101001101010101010110000
000111110010000000111110010111010110000010010000100111011011001011000011
001111100111100010001010100100111001111010101010110100011101001111100010
000100010011111001000111010010000101101110010010101000111110011011101011
000001100000100100010000001000110101100001110110110111001110000011101011
000011000001011100011100010100010101011101011011110010001100111011101001
000011100010010100100110001100010100010001101010011110011001111011111001
000011010001000100011011001100110110000101101100100101001100010111110010
000000100001000100011111011001110110100110001000101000101110011111111110
010011100111111110101000101100011011011111001000110110101110001111101011
000011100001011001001000011010010111010010000101101010101010110111110111
001100010101000101101111011111101011010110111101110010111101001011110100
000000110001001000100101001010100101011001111100100010001110000111111110
000001110010000001001100010110110111110001111111100011111010111110111111
001000110011000000111010010111010110011101111011101000101101111111110010
001101100011101001101100011110001001101111011101111001001110110111111011
001000100100001101010101011110100111101010000101100010111010011011011000
001010000100111101110110100000001010011010110011110010011101000011111011
001001000010111101010000010101000111011110111011110101011110000011110001
000000110100110001010101011101100111110110001011100011001101010011011000
000010010001010101011001011000100111010010111011111000101110100011110000
000001110010111100111110011101001000011010010011101101011100001011001101
000011100110000101101001011101000111010110001101111110101111101111111110
000010110010111101101001011110011000100110010110101111111101000011100111
000001100000011100011100001110110111011110100010101101101100001011111011
000011000010111100110011010111000101111001111010100001001101001111100000
000011100001101001010001010110000111000110001010101010101111010111111101
001010100100100001110000100000101010000111011010110110111101110011111001
000001000011100101011100100001011100101011011000111001111110100011111001
000101110001100000011001001111100100100110000111100110001110000111101000
001010000100100101100011100011011010000010110111110110101110110111101111
001111100100011101010000011011001001111110111111110011011101000011110110
001001000011001101001110100000001101011011010110110111001111001111110110
001100110100111101010001100111001010101110111010110001111110101011110010
000111110011110001000101011110101001000010100011110111001111000011111110
000011100001010000101100010000110100001110011111101110011111100111111011
001000100101011001100111101001001010100110110011101110011110000011100010
000001010001001101001110010011100110101110010100101000001010011011000100
000101010001011101010101011000101000111110111110101111111101011011110010
000010000001111000111001001111010100100001101110100100011111101011111011
000001010010010000111100011010000110101101111110110100011101010011101111
000010110000111000010001001001100101000010010110101111011101001111101010
000001110011011001001001011101101000111110100010101101111110111011101110
010111100111000110001111100101111011000111000010110100101101001111101000
000010110011010101000011011011110111010001111000101001011101001011100011
000110110010100000101001001100100100000001000100111101001111100111111111
000001110000111000100001100110101001110110111011110011101110101111110100
000101110011101000111011010101100101110111011001111000101110100111101100
000010100001101100100101001110010110010101101100100000101010000011000010
001000110010110000110011011000111000101110011010101011011101010111110001
001100010011010000111001011000000110101110000100101010101011011111000000
000100000001000100010111010100010111101010100011110001101100111011100101
000010100011000100110100001111010101010101110110100100011001100111000011
100001011001100011001010111001111110101011101011111011011111000011111010
000000110001011000011001000111000010000001111010100100011011001111010101
000011100100001001110000011110011011110110111111110011011100110111110101
000001110010001001010000010100000101110001101010101010001011000110110110
001010000011101100111111010100000111100110011000110001011101111111111000
001110000101010101011011011000111001011010101010110001111101011111101001
010100011000111010010011110011011101100111100100111101011111101011111101
010010010110101101101101100001011010000011001100110110001101110111101110
001010110011110001010010011001100111101010100101110010101101010011111001
000101000010100101100010101011111011001011000111110010001111100111111100
001001000011110101011111011000010111100010001001101100111011111011001101
000001010000011101000111010010110111110110010111101111011100101011001110
001000000010011100110000011001100110111101110100011111011011111111100001
000000010001000100110100010001010100011001110010011100111101100111100111
000000010010110100101110001111000100101101110101100101001001011011010011
001110000011101001111111100011001000110010111000110001101110100111101111
000000010100110001010110010101110110110110100011110100001101101111111000
001011010010111100110001001100111000010010010101101000111100100011101001
000011010100011010011101101000011100011111001110110101111110111111110100
000111100010000100100111001101100110101001101110100001011010010111010111
000010100001110001001101011100110111010101111001101001101100001111111001
010010110100110110000000100011001001110011001000110011001110111011111010
000110000010110000111010011011011001010110011001100111001001111011010101
000110010010010001100010011010011000110010001101101101001101110111110010
001001110110011001101010100101111011101111001110110110101110010111111000
001000010010100101000100011000110110100010100010101001111110100011101010
000111000011010001111010011110101000110110110100110100101101101011111001
000000110010011000111110010101010101100001101110100100001010101110111001
000010010001101100101011001110110011110001101000100101101011010010111110
000011010011110100111111010000110100111010000001100101011101010011101001
001110000110011001101000011011001000000110101010101111111101101111111100
000000100101111001110100100000001000101010010000101001011101011111011110
000001100010011000110110001110100100111101011000010111111000100111100010
001010100011011101100111011011110111011001111111100000101100011111011101
000111000001111100110001010010011010001110110101110011011101100011101100
001001110011111001001101010100000111110110011000100110111101000011101001
000100000001111000101101010100010101011101101100101001011100010111011000
001100110011100001010110011000111001011110111010110000001110011011101001
000010000001111100101010001011000100100001100010011001111011100011001110
000010010101011101011111011110011001101011001111110100101110011111101011
010001110101100101100010100010011000111110010101110011111101001111011010
000000110100110101010000011100000111001110000011100011111111011011111110
010010100110001101100110011100000111100110011000101101111100101011010101
000111010011010001010111011010010110101010000111110110111110010111110011
001111000100001001101111011101111001000110101011101011101110100011111011
001001010011001001000110010011000101111101111011100011101101100111011111
000101110011001000111111010001110100111001010111100000001101000111101001
000000110100000010000110100010001001000110011000101111001100101011011111
000000000011000101101110100101001010100110101001110000011100100011100111
000001000001000000101011001101000110101010100010101101001011111011011001
001010110011010101000101011101101000001010001111101000111010001111111010
001010110100011101011100100100001001110011001100110100011101111011111011
000000010000000100000010000011010001011000011011100001001100100111111001
000111110111101101111110011111111001000110110100110010011100111011010110
010001100100110001011101100010011000101010010011100111101010000011111110
000100110100100101011110101000111010100110101110110011101111010011111111
010000100100101001001111011001110110100101110011011111101001001010101101
000000110011010101001101011101000111111110000000100100011011111111110111
000000110000010100000111001010000011110101011001011011001001100110101100
001001110100111001010011011000100111000011011001110111111110000011100010
000000010000001000110100001110110101100110100011110010011100100111111110
000111110010000101011010010111101001100111000011110111001111010011110110
000111110101000001011010011101001000000010010001101011101011001111011001
000111010001111001000001010000100110101001110101101010101011010011000100
000001010000101100001110001001000100110010101001110110001110010011111011
000110101000010110000111101100101101100111011101111000011110101011111011
000010000010100101000001010001010111110010001111111101001111111011111111
001110110100011101010011010110001010101011000001111001001111001011111001
001000000101101010010110100101101010110010110000110010011101010011011110
000101100010011100111110010010100110010101100111100110011001101011100001
001000100010011100110000010011110111001110000111101000011010101111011110
000000100010010100111111100000001010010111010010110100111101011111101101
000101100010110001000011011000111000110010100000110011011110111011111110
010000010101101101111110100010101001111110110001101101001101001111101011
000011000011110001011010010110110110001101100110100010101011110111110010
001010000010111001110000011101010111100010001101101010001100000111110010
000010010100000101000001010010000100101001110010101101001011100011000110
001101000011101001001011010101101001001010010110101001111110000011110010
000001000000010101010010010110101000100110001011101010111011110011010000
000100110001100001000010101100011011010010111110110001001100111111111010
001101000011101101101010100010101010111111000101110011101101011011110100
000111000001110101000100011001010111001010010000101111111101010011101101
000000110110000001110011011101101010001010110101110010111111010011110111
001011110011000100110101010000010100100101101011011011001000101011110100
001110110011111101010010011101001001011110100100101110101101000111111101
001010110011000100111001010111100110101010010010110000111101101111101111
000001010011100101110010100101101100111111100000111001101110100011111101
000001100001111000100101101100101011110111001010110110001101100111100000
000011010100101101111100100010011001011010011000101100001101001011110010
001001010011110001001101011001100110011101110101100110011001101111101000
000010010000101100100111001011010100000001010001011110111000011011110111
001011000100011101001100010111111000001110010100101000001110001111101010
000111010011111101001000100001011010110110110111101110001100001111101011
000110000001110100011101010100110110101101111101100000101001101111101100
011001111000000110011100110010011100111111011110111011111111000111111111
000010000000101000001110000110010011111001100010110011111100111111110010
001110000100001101001110100110111011010110111001110001101110010011110000
000100110011111001010000011100001000010010010010100110011100010011011110
010011000101100001101110011011111000101010010010111011001110110111111001
001111100100001101010110010111110110001110001110110000101100101111101101
000111100010001100101001010110101001101110101111101111101110000111110000
001110000100100001100111100001011000100010010111101011111100000011001010
000000100000110000110111010011100101101101110110100001011011110011110001
001100010101101010000001100010001000100111001000110010101101001011010011
000010000000101000011001000111001001000011000111110110001101101111100000
000100110001011101111010100100111001100010101101101101101011111111111101
000100110001101100101000001111000110011001110101011101111001100110011010
000000110101011001011011011010011001000110010110101010001100010111001000
000011010010001100111011001111100100111011000001110000101100010111101001
000000100011000001110000011110111010101011010011111100101111010111111101
