010001101011111101000000000000000000
010000000101110100110000000000000000
010000010000010000100000000000000000
010000000000000010000000000000000000
010000000000000110010000000000000000
010000000010111010000000000000000000
010000000000100100100000000000000000
010000000000110100100000000000000000
010000000001000000000000000000000000
010000000010000010010000000000000000
010000000100000001100000000000000000
010000110011010000010000000000000000
010000010000000000000000000000000000
010000100000000000000000000000000000
010001001111000000100000000000000000
010000000000000000010000000000000000
010000000000001110110000000000000000
010000000000000001010000000000000000
010000000000000011000000000000000000
010000000000000111110000000000000000
010000000000001010000000000000000000
010000000000010100000000000000000000
010000000000100000110000000000000000
010000000001000001100000000000000000
010000010110010100010000000000000000
010000000111001000000000000000000000
010000001000000000000000000000000000
010000010000001100010000000000000000
010000100000000001100000000000000000
010001000000000111110000000000000000
010000000000000000110000000000000000
010000000000000010100000000000000000
010001100010010011000000000000000000
010000001001000011100000000000000000
010000000000011101110000000000000000
010000000001000101010000000000000000
010000000000010000000000000000000000
010000000010001100100000000000000000
010000000001000011110000000000000000
010000000010000000100000000000000000
010000000101111100100000000000000000
010001011010100001100000000000000000
010000010000000000100000000000000000
010000100010101010000000000000000000
010001000000000000000000000000000000
010000000000001001000000000000000000
010000101000101000100000000000000000
010001110111101100010000000000000000
010000000000000010010000000000000000
010000000110100010100000000000000000
010000000000011100010000000000000000
010001001000011100100000000000000000
010000000001101110110000000000000000
010000010100000110100000000000000000
010000000010000000000000000000000000
010000000100000111100000000000000000
010000001000000010010000000000000000
010000101001100100100000000000000000
010000100000011101110000000000000000
010010000111101100100000000000000000
010000000000000001000000000000000000
010000000010001010110000000000000000
010000001011101111110000000000000000
010000001001000011110000000000000000
010000000000000110000000000000000000
010000000111111100000000000000000000
010000000100010101010000000000000000
010000000000100000010000000000000000
010000000001100001100000000000000000
010000000010100110000000000000000000
010000011110101111010000000000000000
010000010100010111110000000000000000
010000010101011001100000000000000000
010000100000000001110000000000000000
010001000000000110100000000000000000
010000000001101011000000000000000000
010000000100000101010000000000000000
010000000000000101100000000000000000
010000000000101110000000000000000000
010000000000000100010000000000000000
010000000000001001100000000000000000
010000000000010110110000000000000000
010000000000100100110000000000000000
010000000101101100010000000000000000
010000000010000111100000000000000000
010000000100000110000000000000000000
010000001000000100000000000000000000
010000101001010100010000000000000000
010000100000011001110000000000000000
010001111000000100100000000000000000
010000000000000111000000000000000000
010000000000000000100000000000000000
010000000000000001110000000000000000
010000000000000010110000000000000000
010000000000011110100000000000000000
010000000000001000000000000000000000
010000000011101110000000000000000000
010001010111101010110000000000000000
010000000001100011010000000000000000
010000000010000000110000000000000000
010000000100000011000000000000000000
010000001000111111010000000000000000
010000010000011111000000000000000000
010000100000000000010000000000000000
010001000000001000000000000000000000
010000000000000011110000000000000000
010000001000110110100000000000000000
010000000111010011010000000000000000
010000110000101101100000000000000000
010000110001100001100000000000000000
010000000110110111100000000000000000
010000000000010010110000000000000000
010000000000111010100000000000000000
010000000001000001000000000000000000
010000000010000001000000000000000000
010000000100000011100000000000000000
010000010110000000010000000000000000
010000010110101100010000000000000000
010000100010100101110000000000000000
010001000000000110000000000000000000
010000000010101110010000000000000000
010001110100110011000000000000000000
010000000000000101110000000000000000
010000000000001111010000000000000000
010000110001100011110000000000000000
010000000000001000010000000000000000
010001111110110000010000000000000000
010000000000100000000000000000000000
010000000001110000110000000000000000
010000000101011111100000000000000000
010000000100000110100000000000000000
010000001001110010010000000000000000
010000010000000010000000000000000000
010000100001001100110000000000000000
010001001100110010010000000000000000
010000000000000011010000000000000000
010000000101000100110000000000000000
010000000000001000110000000000000000
010000011010101101000000000000000000
010000101010000100100000000000000000
010000000000110100000000000000000000
010000000000010000110000000000000000
010000000011100011110000000000000000
010000010110110001100000000000000000
010000000100111001100000000000000000
010000000100111110000000000000000000
010000001010010010010000000000000000
010000010000000000010000000000000000
010000100101110001000000000000000000
010001011001100010010000000000000000
010000000000111110010000000000000000
010000000011101110010000000000000000
010000000001000101000000000000000000
010000000000010000010000000000000000
010000000101000100010000000000000000
010000000000001111100000000000000000
010000000011111011000000000000000000
010000000000100000100000000000000000
010001001010110110110000000000000000
010001101000010110100000000000000000
010000000110100101000000000000000000
010000001001001100000000000000000000
010000101001010001010000000000000000
010000100001001100010000000000000000
010001000000011001100000000000000000
010000001001101010000000000000000000
010000001001101110110000000000000000
010000000001100000100000000000000000
010000000000001100000000000000000000
010000000000000110100000000000000000
010000001101110101100000000000000000
010000101011101110110000000000000000
010000000000100001000000000000000000
010000000110010011100000000000000000
010000001011001010000000000000000000
010000000100010011110000000000000000
010000100111110010110000000000000000
010000010010111101110000000000000000
010000100000101100100000000000000000
010001110101100010010000000000000000
010000011100000111100000000000000000
010000000110001001100000000000000000
010000000010101011110000000000000000
010000000000001000100000000000000000
010000000000101100110000000000000000
010000011101011011010000000000000000
010000010000000101100000000000000000
010000000000101100000000000000000000
010000001011101100000000000000000000
010000000010111101110000000000000000
010000000100000000000000000000000000
010000011101010001110000000000000000
010000010001010011000000000000000000
010001000111010001110000000000000000
010001000100010001000000000000000000
010000000001001011010000000000000000
010000000111111010000000000000000000
010001111101100101000000000000000000
010000110111011010010000000000000000
010000000000010011110000000000000000
010000001110111010110000000000000000
010000000000110001110000000000000000
010000000000100010100000000000000000
010000000001000001010000000000000000
010000000010000000010000000000000000
010000000100100111000000000000000000
010000001000100001100000000000000000
010000010000000001100000000000000000
010000100000000001000000000000000000
010001000100010010110000000000000000
010000000000011011110000000000000000
010000000000010010010000000000000000
010000001011010001010000000000000000
010000011100111011110000000000000000
010000000010010101010000000000000000
010000011100001010010000000000000000
010000000000011011000000000000000000
010000001111010010100000000000000000
010000010000110011110000000000000000
010001101110100010100000000000000000
010000000100001111110000000000000000
010000001000000001000000000000000000
010000010000000001000000000000000000
010000100000110010000000000000000000
010001000000010111110000000000000000
010000000000011111110000000000000000
010001101001101100100000000000000000
010000000110110000100000000000000000
010001111111000010100000000000000000
010001000011011111100000000000000000
010000000001000000110000000000000000
010000000001001001000000000000000000
010000000000101111110000000000000000
010000000001000000010000000000000000
010000000010000011000000000000000000
010000000100001000000000000000000000
010000001000011101000000000000000000
010000010000000101010000000000000000
010000111100000101000000000000000000
010001000000001011100000000000000000
010000000001010011100000000000000000
010000000010011011100000000000000000
010000000000000100000000000000000000
010001000000111110000000000000000000
010000011110100000100000000000000000
010000010111011000110000000000000000
010000000110001001110000000000000000
010000000001001111010000000000000000
010000000001000000100000000000000000
010000000010000101010000000000000000
010000000100000001110000000000000000
010000001000000000100000000000000000
010000010001110100000000000000000000
010000100000000011100000000000000000
010001000000000000010000000000000000
010000000000010110100000000000000000
010000000001100001010000000000000000
010000000010101100000000000000000000
010000011101111001000000000000000000
010000010010010000110000000000000000
010000001100011011010000000000000000
010000000001011110110000000000000000
010000000011010110100000000000000000
010000000100001011110000000000000000
010000000010110011000000000000000000
010000000100000100010000000000000000
010000001111101100100000000000000000
010000010011111101110000000000000000
010000100000000000100000000000000000
010001000000000101010000000000000000
010000010111111100010000000000000000
010000000010111000100000000000000000
010000000011011000000000000000000000
010000000000001111000000000000000000
010000000000000100110000000000000000
010000000000001011000000000000000000
010000000000010001110000000000000000
010000001000110010000000000000000000
010000000001000001110000000000000000
010000000011011110000000000000000000
010000000100001001110000000000000000
010000001111100111110000000000000000
010000010000001010010000000000000000
010000100000000010110000000000000000
010001000001111010100000000000000000
010000001001010000000000000000000000
010000000001100101100000000000000000
010000000000000001100000000000000000
010000000000000101000000000000000000
010000001011101011010000000000000000
010000001100100100010000000000000000
010000010101000010100000000000000000
010000000111101000010000000000000000
010000000100011111000000000000000000
010000000010000100010000000000000000
010000101101010011100000000000000000
010000001000000001010000000000000000
010001111100011011000000000000000000
010000100000000001010000000000000000
010001010001100000110000000000000000
010000000000001011010000000000000000
010000000000011110010000000000000000
010000000000111011110000000000000000
010000000000000011100000000000000000
010000000000110000010000000000000000
010000001110100001100000000000000000
010000010000111011000000000000000000
010000000010010111110000000000000000
010000000011110000010000000000000000
010000000010000010100000000000000000
010000000100010100010000000000000000
010000001110100010100000000000000000
010001111100011110100000000000000000
010000100001000111000000000000000000
010001000001001001100000000000000000
010000001011011101100000000000000000
010000000001000110010000000000000000
010000000000110100110000000000000000
010000010101111011100000000000000000
010000000000111101110000000000000000
010000000000010100100000000000000000
010000100011001001100000000000000000
010000000000101101010000000000000000
010001100100011111000000000000000000
010000000010001110010000000000000000
010000010011001101000000000000000000
010000001101001001010000000000000000
010000010000000010010000000000000000
010000100000001111010000000000000000
010010001110001111100000000000000000
010000000000011000110000000000000000
010000100001101101010000000000000000
010000000010010010010000000000000000
010000011100101010110000000000000000
010000000100000111110000000000000000
010000000000110000000000000000000000
010000000100100011110000000000000000
010001110010011010000000000000000000
010000000100010100000000000000000000
010000000010001001010000000000000000
010000010001010100100000000000000000
010000001000011011100000000000000000
010000010000011111100000000000000000
010001011001010101100000000000000000
010001000000011111100000000000000000
010001100111001100000000000000000000
010000011101101000010000000000000000
010000000011101111110000000000000000
010000000000000100100000000000000000
010000100000011100110000000000000000
010000000000001001010000000000000000
010000001111111011100000000000000000
010000000101001010110000000000000000
010000000001101100000000000000000000
010000000010001010000000000000000000
010000000100000010000000000000000000
010000001010110010110000000000000000
010001001010011110100000000000000000
010000100000001101100000000000000000
010001000001111101110000000000000000
010000000000001010110000000000000000
010000000000100101110000000000000000
010000011111010000000000000000000000
010000111011110111100000000000000000
010000000100110001100000000000000000
010000000000101000110000000000000000
010000000001111010010000000000000000
010000000000111100110000000000000000
010000110110001100010000000000000000
010001011100110101000000000000000000
010000000101100100000000000000000000
010000001000000000010000000000000000
010000010000001110110000000000000000
010000100000000110100000000000000000
010001000000000100100000000000000000
010000000010000111110000000000000000
010000000011100100010000000000000000
010001001111000011000000000000000000
010000100000010110110000000000000000
010000001011111111000000000000000000
010000000000111001110000000000000000
010000110001111010110000000000000000
010000000011110100100000000000000000
010000000001110011100000000000000000
010000000011110011010000000000000000
010000000100000011010000000000000000
010000001000001111000000000000000000
010000010000110111000000000000000000
010000100000001111110000000000000000
010001010101111010000000000000000000
010000000000000111100000000000000000
010000001001111000100000000000000000
010000000000010001010000000000000000
010000000100111100000000000000000000
010000000000101011010000000000000000
010000000000001001110000000000000000
010000110100101100010000000000000000
010000000000100101010000000000000000
010000000001011110000000000000000000
010000000010000001110000000000000000
010000000100010110100000000000000000
010000001000000111000000000000000000
010000010001111111110000000000000000
010001000100100010110000000000000000
010001000100001000000000000000000000
010000000001101001110000000000000000
010000011000100101100000000000000000
010000000000001100100000000000000000
010000110100001110100000000000000000
010000000000000101010000000000000000
010000111101000111110000000000000000
010000000011011110110000000000000000
010000000000100011010000000000000000
010000010101101101110000000000000000
010000000010011001010000000000000000
010000000100110000000000000000000000
010000001001010110100000000000000000
010000010101011111010000000000000000
010000101101000101000000000000000000
010001000000000010100000000000000000
010000101000010001010000000000000000
010000001110100000110000000000000000
010000000011111010010000000000000000
010000011000111010010000000000000000
010000000000100100010000000000000000
010000000001011010000000000000000000
010000011100101100110000000000000000
010000111010000010000000000000000000
010000001100101110110000000000000000
010000000010001111100000000000000000
010000000100000000010000000000000000
010000101101001100000000000000000000
010000010110111100110000000000000000
010000100000011111110000000000000000
010001011000010100000000000000000000
010000000000011000010000000000000000
010000010000111000010000000000000000
010000000011010011100000000000000000
010000000000000110110000000000000000
010001100101100010010000000000000000
010000000000011110000000000000000000
010000000001001010010000000000000000
010000001101100001110000000000000000
010000001001110111110000000000000000
010000000010001100110000000000000000
010000001010110001010000000000000000
010000001111010100000000000000000000
010000011001001100100000000000000000
010000100010111110010000000000000000
010001000011110110000000000000000000
010000000011100010010000000000000000
010000000001001010110000000000000000
010000001111011110100000000000000000
010000000000000111010000000000000000
010000000001111001000000000000000000
010000000100001100110000000000000000
010000000001100010100000000000000000
010000001000010010100000000000000000
010000000001010011010000000000000000
010000000010011110110000000000000000
010000001110000111000000000000000000
010000001000000000110000000000000000
010000010000000011010000000000000000
010000100000000100110000000000000000
010001000001000111010000000000000000
010000000011011110010000000000000000
010001011001001101100000000000000000
010000000001100000000000000000000000
010000000000011111010000000000000000
010000000000010111110000000000000000
010000000000001011110000000000000000
010000000001100111010000000000000000
010000000000101000000000000000000000
010000000001010000000000000000000000
010000000010111110000000000000000000
010000000100000010110000000000000000
010000001000100111000000000000000000
010000010000010010110000000000000000
010000100000001011110000000000000000
010010010001110010100000000000000000
010000000101011000010000000000000000
010000000000110000100000000000000000
010000010000110010100000000000000000
010000010000011010000000000000000000
010000000001001011100000000000000000
010000000000111000100000000000000000
010001100100111111100000000000000000
010000001011011111000000000000000000
010000000001101001010000000000000000
010000000010001000100000000000000000
010000001001001100110000000000000000
010000001110110111000000000000000000
010000010000000000110000000000000000
010000100000000111010000000000000000
010001000000011011100000000000000000
010000000000001101010000000000000000
010000011100101010010000000000000000
010000010010101000000000000000000000
010000000000001010010000000000000000
010000000011000100110000000000000000
010000000000010101110000000000000000
010000000000101001100000000000000000
010000001001101000010000000000000000
010000000001000110110000000000000000
010000000010001010010000000000000000
010000000101000011000000000000000000
010000001111011101010000000000000000
010000010000000001010000000000000000
010000100001011001100000000000000000
010001000000001000010000000000000000
010000000000111011100000000000000000
010000000011101010100000000000000000
010000100100110110010000000000000000
010000000000001101110000000000000000
010000001011011010110000000000000000
010000011000110000110000000000000000
010000000001010011000000000000000000
010000000000100111010000000000000000
010000101100011110110000000000000000
010000001011011111100000000000000000
010000001001001001100000000000000000
010000010110111000010000000000000000
010000010000010000010000000000000000
010000100100001111100000000000000000
010001001010100100000000000000000000
010000000001100100110000000000000000
010000000101001101110000000000000000
010000101001000110110000000000000000
010001000011110001100000000000000000
010000000010001110110000000000000000
010000001010111100010000000000000000
010000110010111101010000000000000000
010000000101000010000000000000000000
010000001110101100110000000000000000
010000000010110011110000000000000000
010000000100000000100000000000000000
010000001000000001100000000000000000
010001011100010101000000000000000000
010000100000010011010000000000000000
010001000000000000110000000000000000
010000000011000101110000000000000000
010000000000110010010000000000000000
010000101001101110000000000000000000
010000000010001110000000000000000000
010000000000011010010000000000000000
010000000111100110110000000000000000
010000000000011111100000000000000000
010000000000100110100000000000000000
010001000100001110000000000000000000
010000001111011110000000000000000000
010000000100000000110000000000000000
010000001000110011000000000000000000
010000101111100011110000000000000000
010000100010100111000000000000000000
010001000000000001100000000000000000
010000000010110010100000000000000000
010000001001110000000000000000000000
010000001111101110110000000000000000
010000001111011000110000000000000000
010000001100010010010000000000000000
010000000001001011110000000000000000
010001101010010110000000000000000000
010000000000100101000000000000000000
010000000001000111110000000000000000
010000000111000101000000000000000000
010000000110110100000000000000000000
010000001000000011110000000000000000
010000011101111001110000000000000000
010000100000000010100000000000000000
010001000000011010000000000000000000
010000001101110110010000000000000000
010000000011011010000000000000000000
010000000011111100010000000000000000
010000000010010100010000000000000000
010000000111000110000000000000000000
010000010101011011010000000000000000
010000000000100011100000000000000000
010000000001001110100000000000000000
010000000011001101100000000000000000
010000000010110010110000000000000000
010000000100001101010000000000000000
010000001000001000100000000000000000
010000010010001001010000000000000000
010000100000011000010000000000000000
010001000000011000110000000000000000
010000000000011011100000000000000000
010001100000110100010000000000000000
010000001111101011000000000000000000
010000110000111000000000000000000000
010000000001011011010000000000000000
010000000001011010100000000000000000
010000100010111001010000000000000000
010000000001010000010000000000000000
010000000001000100010000000000000000
010000000010011100000000000000000000
010000000100010001100000000000000000
010000001000111100100000000000000000
010000010000001000100000000000000000
010001001100011110100000000000000000
010001000000010110010000000000000000
010000000010100110110000000000000000
010000010111001101010000000000000000
010000010100010100100000000000000000
010000000111101010110000000000000000
010000011110011010100000000000000000
010000000101110001110000000000000000
010000000010111011000000000000000000
010000000001111111000000000000000000
010000000001000010010000000000000000
010000011011010011010000000000000000
010000001101001101010000000000000000
010000001000111011000000000000000000
010000010000000111010000000000000000
010000100000100001000000000000000000
010001001100010101010000000000000000
010000000011111101100000000000000000
010000000010110001100000000000000000
010000000000111100010000000000000000
010001010010011010010000000000000000
010000000001111010100000000000000000
010000000000100001110000000000000000
010000000110010101000000000000000000
010000000000100001010000000000000000
010000001000011010110000000000000000
010000000011100100110000000000000000
010000000111010000010000000000000000
010000001000010001100000000000000000
010000100110010100110000000000000000
010000100000001010000000000000000000
010001000000000001010000000000000000
010000000000101011100000000000000000
010000011100100001000000000000000000
010000000110111010010000000000000000
010000010111011011100000000000000000
010000010110001010000000000000000000
010000000100001101000000000000000000
010000001101111001100000000000000000
010000000000101100010000000000000000
010000000001001111000000000000000000
010000001110100110010000000000000000
010000000100001000010000000000000000
010000001000000011100000000000000000
010000011011000001000000000000000000
010000100000001110010000000000000000
010001000000000010000000000000000000
010000101100101100000000000000000000
010000000000010010000000000000000000
010000011010111101010000000000000000
010001110000010111110000000000000000
010000000010010000110000000000000000
010000000000110111000000000000000000
010000000010000011010000000000000000
010000000111101110100000000000000000
010000000001111000010000000000000000
010000110001000000110000000000000000
010000000100000110010000000000000000
010000100000011010110000000000000000
010000010000000101110000000000000000
010000100000000011000000000000000000
010001000000000011110000000000000000
010000110001011010000000000000000000
010000000001010000100000000000000000
010000000010110111110000000000000000
010000000001110000100000000000000000
010000001011100101000000000000000000
010000000000100010000000000000000000
010000000001110001000000000000000000
010000110100111010000000000000000000
010000000001011010010000000000000000
010000110010011110010000000000000000
010000000100000001000000000000000000
010000100010111101100000000000000000
010000010000001111110000000000000000
010000100011100110110000000000000000
010001000001010011010000000000000000
010000001000101011100000000000000000
010000001000110101110000000000000000
010000000000110110010000000000000000
010000001000011001010000000000000000
010000000011001011000000000000000000
010000000000110100010000000000000000
010001010110001010000000000000000000
010000001101100101010000000000000000
010000000111011010110000000000000000
010000000010000011110000000000000000
010000000100001000100000000000000000
010000001000101000000000000000000000
010000010001010011110000000000000000
010000100010110110100000000000000000
010001000001010111100000000000000000
010000000111101101000000000000000000
010000000101101001110000000000000000
010000000000010101100000000000000000
010000000110010100010000000000000000
010000000110011110110000000000000000
010000011001000011100000000000000000
010000000001000110100000000000000000
010000000011011000110000000000000000
010000000001000010100000000000000000
010000000100110100000000000000000000
010000000101101000010000000000000000
010000001000000010000000000000000000
010000010010000100010000000000000000
010000100000000000110000000000000000
010001011101111010110000000000000000
010000000000010111100000000000000000
010000000000100111110000000000000000
010000000100001110100000000000000000
010000000001100100000000000000000000
010000000010101011010000000000000000
010000010011111000100000000000000000
010000010010110111010000000000000000
010000000010010000100000000000000000
010000000100010000100000000000000000
010000111110100001000000000000000000
010000000100011001000000000000000000
010000001000010101000000000000000000
010000010110010011110000000000000000
010000100001001100000000000000000000
010001000000100001000000000000000000
010000000000110110000000000000000000
010000000010100010010000000000000000
010000000000010101010000000000000000
010000010101010100100000000000000000
010000000101101010000000000000000000
010000100101110000110000000000000000
010000000000010010100000000000000000
010000000010011101100000000000000000
010000100101011000110000000000000000
010000000010000010110000000000000000
010000000100000001010000000000000000
010000001001010100110000000000000000
010000010010100101110000000000000000
010000100111100011010000000000000000
010001000110111101100000000000000000
010000001101111011010000000000000000
010000010010001110110000000000000000
010000000000101000010000000000000000
010000000011010101010000000000000000
010000000101100001010000000000000000
010000010100111010000000000000000000
010000101011111111000000000000000000
010000111001011001110000000000000000
010000000010011010000000000000000000
010000000011000100000000000000000000
010000100011100111110000000000000000
010000001000010100100000000000000000
010000011010100110000000000000000000
010000100001100111110000000000000000
010001000000100100010000000000000000
010000000000010101000000000000000000
010000000001101101110000000000000000
010000000000001110100000000000000000
010000000000010110000000000000000000
010000000111110010010000000000000000
010000000000011101100000000000000000
010000000011010110010000000000000000
010000000000100010010000000000000000
010000001000010001010000000000000000
010000000110001000010000000000000000
010000001011110111100000000000000000
010010000100000011010000000000000000
010010001010001011110000000000000000
010000100000000110110000000000000000
010001000001111001110000000000000000
010000001011110101010000000000000000
010001111101001010000000000000000000
010000000111011111100000000000000000
010000000001100111110000000000000000
010000001100000100100000000000000000
010000000001000111010000000000000000
010000011111110110010000000000000000
010000000000101001010000000000000000
010000000100101110000000000000000000
010000101101100000000000000000000000
010000000100000100110000000000000000
010000001000110100000000000000000000
010000010010100011100000000000000000
010000100111101001100000000000000000
010001000000101010010000000000000000
010000010011000100000000000000000000
010000000000001010100000000000000000
010000000110011110000000000000000000
010000000010111111010000000000000000
010000111110011100110000000000000000
010001010100110110000000000000000000
010000000010110010000000000000000000
010001101100011001010000000000000000
010000110000000000110000000000000000
010000000100101100110000000000000000
010000001011011110010000000000000000
010001111010011011100000000000000000
010000010000011001100000000000000000
010000100000010001110000000000000000
010001000000000000100000000000000000
010000001011101101110000000000000000
010000101011000100010000000000000000
010000101110011111100000000000000000
010000000010101001100000000000000000
010000000000100010110000000000000000
010000000000110101110000000000000000
010000000000011010100000000000000000
010001100011011010010000000000000000
010000000011101010110000000000000000
010000000100100101100000000000000000
010000000101001001110000000000000000
010000001110001000010000000000000000
010000010110100000010000000000000000
010000100000010100110000000000000000
010001000000001000110000000000000000
010000110000111010100000000000000000
010000000000101100100000000000000000
010000000011011100010000000000000000
010001000111001111000000000000000000
010000011110110110100000000000000000
010000000100011001010000000000000000
010000101011010111100000000000000000
010000000111100010110000000000000000
010000010001101010000000000000000000
010000000010101111000000000000000000
010000001100000011000000000000000000
010000001000001001010000000000000000
010000010010010001000000000000000000
010000101000111001010000000000000000
010001100111111011000000000000000000
010000000111010110110000000000000000
010000000100110110010000000000000000
010001101111001001100000000000000000
010000000001101000000000000000000000
010000000011100101100000000000000000
010000110010011100110000000000000000
010000000101111110100000000000000000
010000000000100001100000000000000000
010000000100001101110000000000000000
010000000010100000100000000000000000
010000011111111100100000000000000000
010001111000000101010000000000000000
010000011000110111010000000000000000
010000100011001010000000000000000000
010001000100010111010000000000000000
010000000110010001100000000000000000
010000000011111001100000000000000000
010000000001010010000000000000000000
010000000001111011010000000000000000
010000000001011011000000000000000000
010000010000000110000000000000000000
010000010011011110100000000000000000
010000000000101001000000000000000000
010000000010001011110000000000000000
010000000010001110100000000000000000
010000000100110111100000000000000000
010000001100110111010000000000000000
010000011100110101100000000000000000
010000100011001101010000000000000000
010001000001011001000000000000000000
010000001001110110010000000000000000
010000011000111011000000000000000000
010000000111111111110000000000000000
010000010101001101110000000000000000
010000000100110010010000000000000000
010000001001111000110000000000000000
010000101100101011100000000000000000
010000011011001111010000000000000000
010000011000001000000000000000000000
010000000011110000100000000000000000
010000000100000101110000000000000000
010000010001100000000000000000000000
010000010000100000010000000000000000
010000100000010011000000000000000000
010001001111110000100000000000000000
010000011001011000010000000000000000
010000110011101000000000000000000000
010000000011110101110000000000000000
010000000100111101110000000000000000
010000110100100010000000000000000000
010000000011100111110000000000000000
010000001000111110010000000000000000
010000001100111001010000000000000000
010000000001101101010000000000000000
010000010110000100010000000000000000
010000000110101101010000000000000000
010000011001110101100000000000000000
010000011100011011100000000000000000
010000100000000111100000000000000000
010001001001000101010000000000000000
010000001001110111100000000000000000
010000001000000010110000000000000000
010000000000111000010000000000000000
010001011101101001110000000000000000
010000000011010011010000000000000000
010000000001111001100000000000000000
010000000000010000100000000000000000
010000000000110010000000000000000000
010000000001000011000000000000000000
010000000010001011000000000000000000
010000101100101000100000000000000000
010000010110101111000000000000000000
010000010000001111100000000000000000
010000100100010100100000000000000000
010001000100011100110000000000000000
010000000000101010010000000000000000
010000000110101000100000000000000000
010000100100110010010000000000000000
010000000001100011110000000000000000
010000000001011001000000000000000000
010000000000001011100000000000000000
010000000000011001000000000000000000
010001101011100000110000000000000000
010000110010100001100000000000000000
010000000010000111000000000000000000
010000000100011010100000000000000000
010000001000101110100000000000000000
010000010000000111000000000000000000
010000101100111011000000000000000000
010001000000000100000000000000000000
010001010000011100100000000000000000
010000000010111100110000000000000000
010000000111001100110000000000000000
010000001110011111000000000000000000
010000000000010001000000000000000000
010000000000011110110000000000000000
010000011011000011110000000000000000
010000000001101000010000000000000000
010000111100111100000000000000000000
010000110011110110000000000000000000
010000000100110110100000000000000000
010000001000000011010000000000000000
010000010000101111110000000000000000
010000100000100100100000000000000000
010001000011011001110000000000000000
010000000010100100010000000000000000
010000001111010111110000000000000000
010000000001111010110000000000000000
010000000101001111100000000000000000
010000000110111001110000000000000000
010000001111110100000000000000000000
010000000001001000100000000000000000
010000000001000011010000000000000000
010000000001000010110000000000000000
010000000011110011110000000000000000
010000000101110010100000000000000000
010000001000000010100000000000000000
010000011110100100000000000000000000
010000100000000010010000000000000000
010001001111101010100000000000000000
010000101000100011010000000000000000
010000000011000010110000000000000000
010001011010101010010000000000000000
010000000110110101000000000000000000
010000000100111010000000000000000000
010001101111010101000000000000000000
010000001111111010000000000000000000
010000010110011001000000000000000000
010000000110000001110000000000000000
010000000010000001010000000000000000
010000000100111000000000000000000000
010000001000001010110000000000000000
010000010010010101010000000000000000
010000100000000100100000000000000000
010001000000100100000000000000000000
010000000011010011110000000000000000
010000000000111100100000000000000000
010000000001110101100000000000000000
010001000010100100110000000000000000
010000000001000101100000000000000000
010000001101100110100000000000000000
010000000001011001110000000000000000
010000111111011011000000000000000000
010000101110100101010000000000000000
010000000101100101100000000000000000
010000000101000111110000000000000000
010000010001010100000000000000000000
010000010000010110110000000000000000
010000100000010101010000000000000000
010001000000001010100000000000000000
010000000000011000000000000000000000
010000000100110000100000000000000000
010001101111011101110000000000000000
010000000110011101110000000000000000
010000000000100111000000000000000000
010000010110101101100000000000000000
010000001001100100110000000000000000
010000010110100000110000000000000000
010000000110101010000000000000000000
010000000101111001010000000000000000
010000110010010000100000000000000000
010000001001011001110000000000000000
010001011111000010010000000000000000
010000111010000110110000000000000000
010001000000010010110000000000000000
010000000101011100010000000000000000
010000000000100100000000000000000000
010000001101001001100000000000000000
010000000001001010000000000000000000
010000010011010110000000000000000000
010000001110101101010000000000000000
010000101111001111100000000000000000
010000010001100100100000000000000000
010000000001011101100000000000000000
010000010100111110100000000000000000
