0000000000000000
0000000000000000
0000000000000000
0000000000000000
0000000000000000
0000000000000000
0000000000000000
0000000000000000
0000000000000000
0000000000000000
0000000000000000
0000000000000000
0000000000000000
0000000000000000
0000000000000000
0000000000000000
0000000000000000
0000000000000000
0000000000000000
0000000000000000
0000000000000000
0000000000000000
0000000000000000
0000000000000000
0000000000000000
0000000000000000
0000000000000000
0000000000000000
0000000000000000
0000000000000000
0000000000000000
0000000000000000
0000000000000000
0000000000000000
0000000000000000
0000000000000000
0000000000000000
0000000000000000
0000000000000000
0000000000000000
0000000000000000
0000000000000000
0000000000000000
0000000000000000
0000000000000000
0000000000000000
0000000000000000
0000000000000000
0000000000000000
0000000000000000
0000000000000000
0000000000000000
0000000000000000
0000000000000000
0000000000000000
0000000000000000
0000000000000000
0000000000000000
0000000000000000
0000000000000000
0000000000000000
0000000000000000
0000000000000000
0000000000000000
0000000000000000
0000000000000000
0000000000000000
0000000000000000
0000000000000000
0000000000000000
0000000000000000
0000000000000000
0000000000000000
0000000000000000
0000000000000000
0000000000000000
0000000000000000
0000000000000000
0000000000000000
0000000000000000
0000000000000000
0000000000000000
0000000000000000
0000000000000000
0000000000000000
0000000000000000
0000000000000000
0000000000000000
0000000000000000
0000000000000000
0000000000000000
0000000000000000
0000000000000000
0000000000000000
0000000000000000
0000000000000000
0000000000000000
0000000000000000
0000000000000000
0000000000000000
0000000000000000
0000000000000000
0000000000000000
0000000000000000
0000000000000000
0000000000000000
0000000000000000
0000000000000000
0000000000000000
0000000000000000
0000000000000000
0000000000000000
0000000000000000
0000000000000000
0000000000000000
0000000000000000
0000000000000000
0000000000000000
0000000000000000
0000000000000000
0000000000000000
0000000000000000
0000000000000000
0000000000000000
0000000000000000
0000000000000000
0000000000000000
0000000000000000
0000000000000000
0000000000000000
0000000000000000
0000000000000000
0000000000000000
0000000000000000
0000000000000000
0000000000000000
0000000000000000
0000000000000000
0000000000000000
0000000000000000
0000000000000000
0000000000000000
0000000000000000
0000000000000000
0000000000000000
0000000000000000
0000000000000000
0000000000000000
0000000000000000
0000000000000000
0000000000000000
0000000000000000
0000000000000000
0000000000000000
0000000000000000
0000000000000000
0000000000000000
0000000000000000
0000000000000000
0000000000000000
0000000000000000
0000000000000000
0000000000000000
0000000000000000
0000000000000000
0000000000000000
0000000000000000
1111111111111101
1111111111111011
1111111111111001
1111111111110110
1111111111110100
1111111111110001
1111111111110000
1111111111101110
1111111111101011
1111111111101001
1111111111100110
1111111111100101
1111111111100010
1111111111100000
1111111111011111
1111111111011100
1111111111011010
1111111111011001
1111111111010101
1111111111010100
1111111111010011
1111111111010000
1111111111001110
1111111111001101
1111111111001011
1111111111001001
1111111111000110
1111111111000100
1111111111000011
1111111111000001
1111111110111111
1111111110111110
1111111110111100
1111111110111010
1111111110111000
1111111110110110
1111111110110100
1111111110110011
1111111110110001
1111111110101111
1111111110101110
1111111110101101
1111111110101010
1111111110101001
1111111110101000
1111111110100101
1111111110100100
1111111110100011
1111111110100001
1111111110011111
1111111110011110
1111111110011101
1111111110011011
1111111110011010
1111111110011001
1111111110010111
1111111110010101
1111111110010100
1111111110010011
1111111110010001
1111111110010000
1111111110001111
1111111110001110
1111111110001100
1111111110001011
1111111110001010
1111111110001001
1111111110000111
1111111110000110
1111111110000101
1111111110000011
1111111110000010
1111111110000001
1111111110000001
1111111101111111
1111111101111110
1111111101111101
1111111101111100
1111111101111010
1111111101111001
1111111101111001
1111111101111000
1111111101110111
1111111101110101
1111111101110101
1111111101110011
1111111101110011
1111111101110001
1111111101110001
1111111101110000
1111111101101111
1111111101101110
1111111101101101
1111111101101100
1111111101101011
1111111101101011
1111111101101010
1111111101101001
1111111101101000
1111111101101000
1111111101100110
1111111101100110
1111111101100101
1111111101100101
1111111101100100
1111111101100011
1111111101100010
1111111101100010
1111111101100001
1111111101100001
1111111101100000
1111111101011111
1111111101011111
1111111101011110
1111111101011110
1111111101011101
1111111101011100
1111111101011100
1111111101011100
1111111101011011
1111111101011010
1111111101011010
1111111101011001
1111111101011001
1111111101011001
1111111101011000
1111111101011000
1111111101010111
1111111101010111
1111111101010111
1111111101010111
1111111101010110
1111111101010110
1111111101010110
1111111101010101
1111111101010101
1111111101010101
1111111101010101
1111111101010100
1111111101010100
1111111101010011
1111111101010011
1111111101010011
1111111101010011
1111111101010011
1111111101010011
1111111101010011
1111111101010010
1111111101010010
1111111101010010
1111111101010010
1111111101010010
1111111101010010
1111111101010010
1111111101010010
1111111101010010
1111111101010010
1111111101010010
1111111101010010
1111111101010010
1111111101010010
1111111101010010
1111111101010010
1111111101010010
1111111101010010
1111111101010010
1111111101010010
1111111101010010
1111111101010011
1111111101010011
1111111101010011
1111111101010011
1111111101010011
1111111101010011
1111111101010100
1111111101010100
1111111101010100
1111111101010100
1111111101010100
1111111101010100
1111111101010101
1111111101010101
1111111101010101
1111111101010110
1111111101010110
1111111101010111
1111111101010111
1111111101010111
1111111101011000
1111111101011000
1111111101011000
1111111101011000
1111111101011001
1111111101011010
1111111101011010
1111111101011011
1111111101011011
1111111101011100
1111111101011100
1111111101011100
1111111101011101
1111111101011101
1111111101011110
1111111101011110
1111111101011111
1111111101011111
1111111101100000
1111111101100001
1111111101100001
1111111101100010
1111111101100010
1111111101100010
1111111101100010
1111111101100010
1111111101100010
1111111101100010
1111111101100010
1111111101100010
1111111101100011
1111111101100011
1111111101100011
1111111101100011
1111111101100011
1111111101100100
1111111101100100
1111111101100100
1111111101100101
1111111101100101
1111111101100101
1111111101100110
1111111101100110
1111111101100110
1111111101100111
1111111101100111
1111111101101000
1111111101101000
1111111101101001
1111111101101001
1111111101101010
1111111101101011
1111111101101011
1111111101101100
1111111101101100
1111111101101101
1111111101101110
1111111101101111
1111111101101111
1111111101110000
1111111101110001
1111111101110010
1111111101110011
1111111101110011
1111111101110100
1111111101110101
1111111101110110
1111111101110111
1111111101111000
1111111101111001
1111111101111010
1111111101111011
1111111101111100
1111111101111101
1111111101111110
1111111101111111
1111111110000000
1111111110000001
1111111110000011
1111111110000100
1111111110000101
1111111110000110
1111111110001000
1111111110001001
1111111110001010
1111111110001011
1111111110001101
1111111110001110
1111111110010000
1111111110010001
1111111110010010
1111111110010100
1111111110010101
1111111110010111
1111111110011000
1111111110011010
1111111110011011
1111111110011101
1111111110011110
1111111110100000
1111111110100010
1111111110100011
1111111110100101
1111111110100111
1111111110101001
1111111110101010
1111111110101100
1111111110101110
1111111110101111
1111111110110001
1111111110110011
1111111110110101
1111111110110111
1111111110111001
1111111110111011
1111111110111101
1111111110111111
1111111111000000
1111111111000010
1111111111000100
1111111111000110
1111111111001001
1111111111001011
1111111111001101
1111111111001111
1111111111010001
1111111111010011
1111111111010101
1111111111010111
1111111111011010
1111111111011100
1111111111011110
1111111111100001
1111111111100011
1111111111100101
1111111111101000
1111111111101010
1111111111101101
1111111111101111
1111111111110001
1111111111110100
1111111111110110
1111111111111001
1111111111111011
1111111111111110
0000000000000000
0000000000000011
0000000000000101
0000000000001000
0000000000001010
0000000000001101
0000000000001111
0000000000010010
0000000000010101
0000000000011000
0000000000011011
0000000000011101
0000000000100000
0000000000100011
0000000000100101
0000000000101000
0000000000101011
0000000000101110
0000000000110001
0000000000110100
0000000000110111
0000000000111010
0000000000111101
0000000001000000
0000000001000011
0000000001000110
0000000001001001
0000000001001100
0000000001001111
0000000001010011
0000000001010110
0000000001011001
0000000001011100
0000000001011111
0000000001100011
0000000001100110
0000000001101001
0000000001101100
0000000001110000
0000000001110011
0000000001110110
0000000001111010
0000000001111110
0000000010000001
0000000010000100
0000000010001000
0000000010001011
0000000010001110
0000000010010010
0000000010010101
0000000010011001
0000000010011101
0000000010100001
0000000010100100
0000000010101000
0000000010101011
0000000010101111
0000000010110011
0000000010110110
0000000010111011
0000000010111110
0000000011000010
0000000011000110
0000000011001010
0000000011001101
0000000011010001
0000000011010101
0000000011011010
0000000011011101
0000000011100001
0000000011100101
0000000011101001
0000000011101101
0000000011110001
0000000011110101
0000000011111001
0000000011111110
0000000100000010
0000000100000110
0000000100001010
0000000100001110
0000000100010010
0000000100010110
0000000100011011
0000000100100000
0000000100100100
0000000100101000
0000000100101100
0000000100110001
0000000100110101
0000000100111001
0000000100111101
0000000101000011
0000000101000111
0000000101001100
0000000101010000
0000000101010100
0000000101011001
0000000101011101
0000000101100010
0000000101100110
0000000101101100
0000000101110000
0000000101110101
0000000101111010
0000000101111110
0000000110000011
0000000110001000
0000000110001100
0000000110010010
0000000110010111
0000000110011011
0000000110100000
0000000110100101
0000000110101010
0000000110101111
0000000110110011
0000000110111001
0000000110111110
0000000111000011
0000000111001000
0000000111001101
0000000111010010
0000000111010111
0000000111011100
0000000111100000
0000000111100110
0000000111101010
0000000111101110
0000000111110011
0000000111110111
0000000111111100
0000001000000000
0000001000000101
0000001000001010
0000001000001111
0000001000010100
0000001000011000
0000001000011101
0000001000100001
0000001000100110
0000001000101010
0000001000101111
0000001000110100
0000001000111001
0000001000111110
0000001001000010
0000001001000111
0000001001001100
0000001001010000
0000001001010101
0000001001011010
0000001001011111
0000001001100100
0000001001101000
0000001001101101
0000001001110010
0000001001110111
0000001001111100
0000001010000010
0000001010000110
0000001010001011
0000001010010000
0000001010010101
0000001010011010
0000001010011111
0000001010100011
0000001010101001
0000001010101110
0000001010110011
0000001010111000
0000001010111101
0000001011000010
0000001011000111
0000001011001100
0000001011010001
0000001011010111
0000001011011100
0000001011100001
0000001011100110
0000001011101011
0000001011110000
0000001011110101
0000001011111010
0000001100000000
0000001100000101
0000001100001010
0000001100010000
0000001100010101
0000001100011010
0000001100011111
0000001100100100
0000001100101010
0000001100101111
0000001100110101
0000001100111010
0000001101000000
0000001101000101
0000001101001010
0000001101001111
0000001101010100
0000001101011011
0000001101100000
0000001101100110
0000001101101011
0000001101110000
0000001101110101
0000001101111011
0000001110000000
0000001110000111
0000001110001100
0000001110010001
0000001110010111
0000001110011100
0000001110100010
0000001110101000
0000001110101101
0000001110110011
0000001110111001
0000001110111111
0000001111000100
0000001111001010
0000001111001111
0000001111010101
0000001111011011
0000001111100000
0000001111100111
0000001111101100
0000001111110010
0000001111111000
0000001111111110
0000010000000011
0000010000001001
0000010000001110
0000010000010110
0000010000011011
0000010000100001
0000010000100111
0000010000101101
0000010000110010
0000010000111000
0000010000111110
0000010001000101
0000010001001011
0000010001010001
0000010001010111
0000010001011100
0000010001100011
0000010001101000
0000010001101111
0000010001110100
0000010001111100
0000010010000010
0000010010001000
0000010010001101
0000010010010011
0000010010011010
0000010010100000
0000010010100110
0000010010101101
0000010010110100
0000010010111001
0000010010111111
0000010011000101
0000010011001100
0000010011010010
0000010011011000
0000010011100000
0000010011100110
0000010011101100
0000010011110010
0000010011111001
0000010011111111
0000010100000101
0000010100001011
0000010100010010
0000010100011001
0000010100011111
0000010100100110
0000010100101101
0000010100110011
0000010100111001
0000010101000000
0000010101000110
0000010101001101
0000010101010100
0000010101011011
0000010101100001
0000010101100111
0000010101101111
0000010101110101
0000010101111011
0000010110000100
0000010110001010
0000010110010000
0000010110010111
0000010110011110
0000010110100100
0000010110101011
0000010110110010
0000010110111001
0000010111000001
0000010111001000
0000010111001110
0000010111010101
0000010111011100
0000010111100010
0000010111101001
0000010111110001
0000010111111001
0000011000000000
0000011000000110
0000011000001101
0000011000010101
0000011000011011
0000011000100001
0000011000101010
0000011000110001
0000011000111000
0000011001000000
0000011001000110
0000011001001101
0000011001010101
0000011001011011
0000011001100011
0000011001101010
0000011001110011
0000011001111010
0000011010000000
0000011010001000
0000011010001111
0000011010010111
0000011010011110
0000011010100101
0000011010101110
0000011010110011
0000011010111000
0000011010111101
0000011011000010
0000011011000111
0000011011001100
0000011011010001
0000011011010111
0000011011011100
0000011011100001
0000011011100110
0000011011101011
0000011011110000
0000011011110101
0000011011111010
0000011011111111
0000011100000101
0000011100001010
0000011100001111
0000011100010100
0000011100011001
0000011100011110
0000011100100011
0000011100101000
0000011100101110
0000011100110011
0000011100111000
0000011100111101
0000011101000010
0000011101000111
0000011101001100
0000011101010001
0000011101010111
0000011101011100
0000011101100001
0000011101100110
0000011101101011
0000011101110000
0000011101110101
0000011101111010
0000011101111111
0000011110000101
0000011110001010
0000011110001111
0000011110010100
0000011110011001
0000011110011110
0000011110100011
0000011110101000
0000011110101110
0000011110110011
0000011110111000
0000011110111101
0000011111000010
0000011111000111
0000011111001100
0000011111010001
0000011111010111
0000011111011100
0000011111100001
0000011111100110
0000011111101011
0000011111110000
0000011111110101
0000011111111010
0000011111111111
0000100000000101
0000100000001010
0000100000001111
0000100000010100
0000100000011001
0000100000011110
0000100000100011
0000100000101000
0000100000101110
0000100000110011
0000100000111000
0000100000111101
0000100001000010
0000100001000111
0000100001001100
0000100001010001
0000100001010111
0000100001011100
0000100001100001
0000100001100110
0000100001101011
0000100001110000
0000100001110101
0000100001111010
0000100001111111
0000100010000101
0000100010001010
0000100010001111
0000100010010100
0000100010011001
0000100010011110
0000100010100011
0000100010101000
0000100010101110
0000100010110011
0000100010111000
0000100010111101
0000100011000010
0000100011000111
0000100011001100
0000100011010001
0000100011010111
0000100011011100
0000100011100001
0000100011100110
0000100011101011
0000100011110000
0000100011110101
0000100011111010
0000100011111111
0000100100000101
0000100100001010
0000100100001111
0000100100010100
0000100100011001
0000100100011110
0000100100100011
0000100100101000
0000100100101110
0000100100110011
0000100100111000
0000100100111101
0000100101000010
0000100101000111
0000100101001100
0000100101010001
0000100101010111
0000100101011100
0000100101100001
0000100101100110
0000100101101011
0000100101110000
0000100101110101
0000100101111010
0000100101111111
0000100110000101
0000100110001010
0000100110001111
0000100110010100
0000100110011001
0000100110011110
0000100110100011
0000100110101000
0000100110101110
0000100110110011
0000100110111000
0000100110111101
0000100111000010
0000100111000111
0000100111001100
0000100111010001
0000100111010111
0000100111011100
0000100111100001
0000100111100110
0000100111101011
0000100111110000
0000100111110101
0000100111111010
