000111000111100101101100011011001101
000100101111111010000000100100001110
000100011100000001101100111000100100
000100101101000100010001100010110001
000100110010001100011101001100000000
000101000111000110011100100111000111
000100011011100000001100110011001100
000111000011111111000000000101111111
000100101010110101100100110111010110
000100100100111111110011000111110000
000111110000011111110010000110100000
000111101001110001100000000110110011
000111110001010000000000001101100111
000110110001100100100001110011110000
000111000110011101001101010011111110
000110101111000100100000101110101000
000111011100001000011100111011111111
000110110100111010110100101110011110
000100111110111000100011111000010011
000111100100111101000100100101111001
000101010100110101110000001100111001
000111000111100111111110100001110001
000101001111010000101110001000110010
000111011010001000110010110110110000
000100101110011100010001110011010011
000100011101000100101111010001001011
000111010100111010011110110001001011
000100100100101110000001000100001100
000111010011001100011100100001111011
000100011000010000100001000101101100
000100000000001000001100100010001100
000111011110101101001011001111101100
000111100011000101111111011001101010
000101010100111001110011111011010010
000111010100111101100000010010110010
000100111000001100001100111001111100
000111001001100110101101100110011000
000100010100010111111101100100010001
000100001000001100101100011001000111
000111000101110010110000100011100110
000100011000100000101111100011001010
000111101010101010111110001000001010
000100001010111101101111001001111110
000100011000100001100001000100001010
000100111010010010001111010100110111
000111010111011111011101001000101110
000100110010110110110000001101001001
000110111010010001001111000101000000
000100000100100000101110001100001001
000100000100100101101101100101110011
000101000110111101101100100000111110
000111010100111100100001000001101010
000101000001000100101110001111101011
000111100000101000010001110001010001
000100011011001000011111111000111011
000100111010111010111110101100010110
000100101101110110010001000001110011
000111100111010001011101010111000111
000101010100110001011110111101000101
000110111101001010001011111001010101
000101001011110001111101011011101001
000111010110100011100000100111011001
000111100100000001100001111000001011
000101010001110011011111001110111010
000100101010010110111100111011001111
000111101101010001010011100000001011
000110111011111100100100100010000001
000100000001101010111100011101110100
000110110111001100111111000001010010
000111110011101111000011101110000011
000101010100000011010001101001010000
000111011100110110111101010110110001
000100000000011000101110110011110010
000100101011001001111100110101000110
000111000010000111010001000100100111
000100110110001110111111101001011100
000111101011011101011100001110100011
000101001000101010001110011110101101
000111000010011011110001011110000011
000100110000110001011110100011001111
000100111001100110100100110100011010
000100010101101001101100100000100011
000110110011100011011101101100100011
000100000000110001010011010011001100
000110101100011111001111101111010110
000101001100011100111011010001001111
000100100100001011001111110100100000
000101010011110110001011110100000001
000111001111100100001010110110101000
000111010000110011010011100101110000
000100111000101010000011110010100100
000111011011011000011101110110101010
000111100111010010101100110001101110
000100111101101001000011001010000011
000111001111000111000101000101010010
000100111101101000001011000011000001
000111100011110101111011100101110101
000100111001010000010010001110001101
000111011010011100111110110101101100
000111110011011110110100010000000001
000111110011100010101110110100000001
000110111001110010011011110111000000
000110111111011101101101010011100101
000100011101010111110011000000110110
000110110110100110100100000011101010
000111011000001101110011001101101101
000111001011110010110100010101000000
000111101100011111001111111001011011
000100000000010011100000010111001111
000101001011000011111101100111100010
000101001110111101010011001011010110
000110110000101000110001001001101110
000100110001010011011111011000011101
000111011010000000010001101101010001
000100101111001010001101101010000100
000100100101000011001110110110111100
000111010111111100110000001000111011
000100100011011000000101001111100100
000111011110111001000101000101110110
000100001010010100000010111011001001
000101001010101001010010010000011100
000111101000001110001111010000010000
000101010000110110100100100100101111
000100010111100100010011001101000101
000100000101001000101011110011011000
000100001100001101011110111100011111
000100101101111001111011101111100111
000111011100011001010000000010011101
000100001111100011011111010100111101
000111011110010000111110000101001100
000100010001101111000010111011110101
000100011111011100011110111111111010
000111101100101110010011011010001110
000111100101111001111111000101100010
000111111111101011010011010101001000
000111000100100101001110101001000000
000100100100100011010000010011001000
000100001010011100110001111001001010
000100111101110101010011101011110010
000100011100011010000011101011011010
000111111111110111110101010100000010
000111110110011110010001010111011110
000101010001011100101011011110011001
000100010111101100101111001110101001
000111010101111010101011001110011011
000111001110001010001101011011111100
000111101101101100101010110111111101
000100100001010110110000011010001111
000110111110001010000100011001111110
000111001100000101110000011001111001
000101001100110000001011110111011101
000101001101110010101011011010010011
000100010001011100110010111000001000
000101001000101101110001111111001100
000111101000000100000011000011101110
000101001001001110110001101000011101
000111011101010010110010100001011111
000111001011100111111100010110011010
000110110010011010001100111011100101
000100101010111001011101111001011111
000100001111011101011110111100101100
000100100111100011101011001010101111
000100100010000111010010101010000111
000110111010111011111011110011101010
000111101100111000001101111000111011
000100011000101101000010100011101001
000111100011110010111111111000000001
000100100010011011111111100100110010
000111100011100110111111001011010001
000111000101010011001111111110000111
000100010010101000100011100110100011
000111110000101110110011000001011100
000110101100100010000011000000100111
000100001101010000110010000100010111
000100111011010000101111111100001100
000100111010111110010000011110011000
000111000110010100101111111001100000
000111111010110011010000111101101101
000111111110010001001011110100001000
000100100110111111101111100110000110
000111011001101111010001110100111110
000111010111001100100001000010010010
000100110110100010100000000100011111
000111111011010100101110011000011000
000111011111011011101011000001001111
000110111000111011010010101011101111
000100001010111001000000111100101100
000110101111101001101101011010000001
000100011100101111111100001101100100
000111100010011010111011011011000010
000111100110110110101101100110111011
000101000010111010110001111100101110
000100110001010101000011001011111010
000111111011100111000100111011101010
000100001011100110011101111000110100
000111101111110000110001011111101011
000100001010010111111101110011000001
000111110001101111001100111000101000
000100001001010010000000101110101110
000100000011111011100010011111011001
000111000011101101100011010111110000
000111100101101010110010100000011010
000100011110001001101111100000101010
000111110101111110011011011001011100
000100000000100000101011101111010111
000100101101000101000100011101001001
000100101010001001101010111110011000
000101010010110011011101010011111101
000111001010111010101011011100001010
000110111100001011111100101100110010
000100010111101100100001000110111110
000111011101000100110010110110110011
000111101110000011101100011001000100
000100001100011100011011101000110010
000100011101110101100001011100101001
000111001010011111101101010111111000
000100010000111111100011001011111111
000100000101101011100100000010110110
000110110001001011011111001101100110
000111011011101110011111011101100010
000101001001101010101101110000111000
000111100001110000010010011100001001
000100111101001100110000101111110101
000100000010001010011111001100011100
000100000001110011010000011000010010
000111000011111100100010010101101010
000111111110001000000010101100110101
000111010000110011000001111101100100
000100110001111010010100001111110101
000111000100000111010010000010001010
000111110100110000111101000110010101
000101010010111100111101011111010110
000101010001001001000010110011100011
000110101101000101011011100010101110
000111010010010101000011000001001011
000111111001101011001010110000011001
000111100111111111100100101011111010
000100111010011111101010101011001001
000100010100001101010010100110101001
000111011111001011100100010001011100
000111111001100100010000010011000010
000100110001101011100100101101110111
000101000010001101000000001011011001
000110110000100110011110010110010001
000111111111100011100000101001010101
000111000001111011110100110101110010
000101010010100010101100001001011010
000100110111101011011101010111111111
000100111001011111001110111000100001
000101000001010010011011010001011001
000110110111010011110001011110110010
000101001010010000011111011010011010
000111110100101101000011110011100101
000111110001000011111101001111010010
000100100100010010100000000111111100
000100010010011100100011001100100110
000101010001111001101011110101110000
000111111000000101001011101001011000
000101010000011101001110100100011101
000100110011000000100100011011101110
000110110010010010100101001101110101
000101001010000000011100101101110100
000111000100000010111111110110011000
000111100001110010100000010100111000
000111000011111001100100011001100010
000100110001001001100100110111101101
000111011011011011011111101110111101
000100011111111000010011111001011000
000100100100110101000000000110110111
000100110010001100010010100010111100
000111010111000001100010011010100001
000111100011011111111101101011011010
000111101111110111010000110010110100
000111011110011111010011110110001001
000111001100000110110011101100101001
000100101110010000110101001101110000
000110111100111110001110011100111101
000100101010011001001010111101111100
000101000001010101101110001010001110
000100100110000010011100011000110110
000111110000011001011111111100011100
000111000111111010010001010000000010
000101010001101101010000000001001011
000100000101101000001101111011010111
000111100010000100111101011011000001
000111111111101110110000101000100110
000111111010000110000001111111011100
000111111110010010001111010111100001
000111101000101010010101000010111011
000111001111100101110010011011111111
000100111011110001010101000011001101
000100101100011000010011111110010110
000100110111000110101100110110110001
000111111100110000101101110100110010
000111101100100010101111100000000111
000110101011100000010000101001011101
000101000011110010100010010110001011
000111001000001111110100101110100000
000111111011110100010100011101100001
000110110000000000010000111101110111
000111001010011001101100101110001001
000111100000110111101100110111000111
000101000110100000101100010110001100
000111101001000111010100101011010000
000101000011101010001100010110101111
000110110100110110110001110100100010
000111100101011011101111110000100101
000111101101001111010011000110000100
000101001100111001101100010000111100
000100010100000100000001100011000111
000100101111101110010011001001011010
000111100101100000000010101000000110
000100111111110010101100101001011001
000110101111111100110001001011011011
000111001110001100000100010000111111
000101000010000101110001110000110100
000111011000000101011100000000001001
000111111101111110111100100110110111
000111100111111101111100010001110110
000101000011111101011111100010111100
000110111001011010111101001011110011
000100101101000111001111010111010010
000100110110010101100101000100000010
000111000101000100001011010010111011
000100010100000110101100010111100000
000111101100001110110010101010100000
000100000001011000000100110001011110
000111011000110111110011111111010001
000111010010000000111111011101100100
000101000111010001101101001011101000
000111000110010001110011000011111010
000110111000011000100101010100110110
000111000001011101101111100010111011
000100000110101111010011000100011101
000100011000111100011101010101011010
000101001011001100100000010000110000
000111000101111110010010111100100111
000110110011011000010011010010010101
000111011110011101101111101000101011
000100111100111111111110000111110110
000111101110101000110101000111101011
000100000001110110110011100000010001
000111000111010100000000110011101101
000100011110110101000010100001001101
000111100110110101110010010010111100
000101000110000101011011000011110111
000111011111001010011111111111111101
000101001101010101011101000111101101
000111111001101010100010111100110001
000111001001111110000100100111001011
000100011010111101100100100100000111
000100110011101001100100010111100011
000111100111011110100101001100001001
000111111110111001100010100001011010
000100000101010011111110101111101010
000101001111100110011101101011010000
000100001111000001000011111110100000
000111010001011100110010100010110101
000111101101110100011100001010011000
000100110011110010101100010100110001
000101000101010101011111000111001101
000110111010110011010100101001110000
000110110010001011110011001011001000
000100111011101111110100001001110010
000101001011100010100011111111110100
000110101100100101100000010000001110
000110101111001000101101001011001000
000101000110011111100011000101010110
000111000010011011101011101101111110
000100101011001100011011111110010001
000100001101100010011011111001111100
000111101010101100110101000110001001
000111000110111110110010111101011011
000101001111110110000001000010110100
000100001100101100010000010100001100
000111011101101100011110000001101110
000111001110000101000001100111001001
000110110111001000001111011101011001
000111010101011000100011111101111101
000111101011001001101111001100011101
000111100111100010100011100000110011
000100001011111100101111111000011101
000110111011100101000010101011001001
000111000111111000000011100011111010
000111001111011101011011001110000000
000110110010111011010101001111110111
000100110000000110100010111000101100
000100011100001000111011101011001011
000111110001000001001101000011011110
000100110011011110110010001110010001
000100000111000100000010001100000010
000101010001000101101111101100111001
000111101001000010010011100011000000
000101000000111010101101111111100001
000100110111001001100100111010011101
000100100001100110011011111010010000
000111010100001001101011110111111001
000111010101001011011101111011110101
000111000110001101110100110101000100
000100000111001100101100111101001100
000110111100001111111111011110000110
000111110100111011000100111010001110
000111000110001110010011011111100101
000100110010101111101011000111111100
000100101110010111111101001111001101
000100101010000000000010000110001001
000110111010110111111010110100100101
000111001100110111101101111110110111
000100110010101101111101110011111001
000111000110111111000001000010011100
000100101101000000100100101011001101
000100111101010010110010101101011000
000100010111111010111110100011101100
000100110110111011010001100010100001
000110111100110101110001000000011000
000111110101011101010011001000011111
000111111011110001110011100010011000
000111010100100001101100001100110001
000100111111110011011100001110100010
000100000110110110100101001010101110
000111111111111100010100111110011011
000100100001011010111110100010011000
000101001010000111101111110010100110
000100111111001101101101010010111100
000111000110010111100011001001110111
000100001110010001010100000110010111
000111110001010101100010001100000110
000111010110001000101100110001100101
000101010001001111101011011100110011
000100001101001101100010101111010100
000111100010111100001011100000001011
000100110110110111000101010010101101
000110101111010010001011100101010101
000111011001010001101110100111011010
000111101101011001000010101010011111
000101001110010111110001101100000111
000111100010011101110000010101000101
000100001110100100000001110010010010
000100010110001101111111011000101010
000100101010110111100100101111100000
000111110111101101111011010101000001
000111111101111000000010010001110100
000101010100010001110100111000010111
000111010101010111111111001001100001
000111111010101101000010010001101011
000110101111011101110010110111001110
000100101101001010000001100100010110
000100000010111010111010110010000010
000101000011011100100011101111011001
000110110101110010011111000101001000
000100100101110101010010110111111101
000111111101001001101011000010101101
000111010011110000100011111001010010
000111011010111011110011000110011010
000111011110001111110000010110110010
000101001010001011001110010110111101
000100010110100101001101111000100001
000100010110110111100101001111101000
000100001100011010001011110010100110
000100001000110011110010010100100101
000100110000000011110100000010111000
000110110001100011000000100100001111
000100000100110111011110010011111111
000100100100111101011011010110111000
000100000000000111001110001010100001
000111100100100100111110011100100001
000101000111010000000010000111111111
000110110100011000111111001111101110
000101001110101010000011011011110110
000110110001011010100000101100100011
000111011101010111001101111100110110
000100110110001110001100001100110111
000100100111000000111101011010111011
000110110010000100011101011101011110
000111010111100011000001110100001101
000111101011000000100001010100000110
000111101011000010000011011010001010
000111110010010010011111110100010010
000100000100000011011100111101011010
000100000101100001100001100010010011
000101010010111001100010000111101001
000111000110010000110100111101110000
000111011101011110100101000010111111
000101010010110011100000101111101001
000111001111001111011110010010000101
000100001011011110110100010000100010
000101010011011000011101011111101101
000111010101101011010010000011100111
000100011001001101111100101100100110
000101000110101100101011111111000010
000100100111000000101110001011111000
000111000111100110000010101111001000
000111000000100111011100110010111101
000101010010101100100001111000001101
000101010100111000111100110011110010
000100010110101011010100010110001101
000100001001101001001110111001110011
000111001100101111010100011011101110
000100000000010111110010000010111001
000111110100100011000000000011010111
000100100011100110111100110101001101
000111100101100001000100011101111100
000111000101110111100000100001110010
000111110100101011110011010111001011
000111011101111000100000000010111000
000111100101100000111110000000101111
000101010001101111110001110100010011
000100100100101011110011101000101100
000111001101001100101111111101001001
000110111100010101010010100110101101
000100101000000100000101000010011000
000111000011010100110100101010110100
000111100000101101011011001100011001
000100101110000100010000000101100110
000110110101111010010010011001101010
000111000111001100101010111001011000
000111000100001101011101001001100001
000110101111011001000011111011010010
000101001111101011100010000010010101
000111010001000000010101001101010011
000111001101010001101111011011101110
000100001010110001100010010010100001
000100111011010110011110101111100011
000100111101110111111011000000001111
000100101011011101000001100111100010
000100011100000010010000000011001100
000111010010111000001101010010010001
000111011010110001000000101010011010
000101000011100101110001110110100010
000101001100000011010001101110110100
000111011011110101110001000100011110
000101010001110001110011111100101001
000110101111111001011111101010110101
000111111000100101010100110011001100
000111100001100101111110100100000000
000101010011110101111111100001010110
000111101000001010100100111001000101
000100010000001000110011001010100001
000100000000111110101100111010100101
000110110000011000011011100110101101
000100101011111011010011111100110110
000100011111010100000011011100000010
000100001000000010011110010001101001
000110111100010111000100110001011110
000100100111100011000010101010101010
000111111001100111100001101100011111
000100001110010011111011011000010100
000111001100010001110000100011110010
000111101011111100111101110010011101
000101000100101111101111000100001001
000111011101100110000000100110010001
000111101111011010010001111111011101
000100111010000001011101000010111101
000110110011101010001011001110101010
000100110111001101100101010011111110
000100110111111101110001000111101001
000100001101101100010010011011111110
000100010000111001011101110110001100
000111110010111101011011010000000010
000100010000000000001101110000111010
000100111000111000110010001100010110
000111011100001001011011100101101000
000111001100001011101011000011101111
000111111000101100110101001100000001
000100010011100000110100101110100111
000101010011010101000010011111001101
000100101011110000110010001110011111
000101000000101110110010100100011001
000101001000100111011111110010010000
000111011110010101010001100100001110
000111111001110001010100011100001010
000110110001110001111110001010101100
000111010000010010101101111100010110
000110111111111101110000000001111000
000111101010000110000100001110111001
000111111010011011100001011100110101
000100110001011111010001010101010010
000111010011010111110010010001100110
000101000011011011100100011001100101
000101010010000011110000100101100100
000110110100011001010101010011101100
000111101001100011001100101011001110
000110111001101011010000000111111100
000101010100110100010101001010011111
000110101100111010001111010001010101
000100100111100010001011111001110010
000101010100000001010011110111001110
000111011001010100000011100101001100
000110111010001111111011100001100110
000110111100100110000010010001001010
000110111100111111001110010011000100
000111001100111001001111110000001110
000100000100001111110011110001100010
000110101100110000010010101011101100
000111000011111100010000000010001001
000101000011101001011111101110110110
000111010010110111111101101001110000
000101001110011010000000100110001011
000100010111010011010010101001011110
000111000101011111001011111001000000
000100000100111111010011011010100101
000111010000111111101011010010010001
000110110011000111110010110100010100
000100100010110110010001111100001110
000110101011110100110100000101101111
000111110101101010100100111011000000
000100011101110001101011101000011000
000111111100000110110010011110001110
000100000010101011101110010111011101
000100111100000101001101011100100011
000100111101110111011110011001100101
000101001101000101111010101100101001
000101010010000001100100100000101100
000100001101111010001011100000101100
000110110001110111011101011010101010
000100101011100111001101010100111011
000110111101101001111110101101110000
000100110101001110100001111010100000
000100100001100011110000111010111111
000111101000011101000001111000011001
000111101100100011101110100001000001
000100001111110100100011110001000001
000110110000000011001110000010101110
000100101110010000111111111101100100
000111110011001010101100100101000000
000100000000111001110010010111100101
000101010011111000100011111011011111
000100011111110001011110101001110111
000101000000100110010000111110011111
000111001000100011101110010101110000
000100100011010001010000011101001101
000100100000001110000010101111101110
000100010111011011000100100001010110
000111101000110110011011001011101010
000101000011101010100000000010111000
000110110100101011000100100001000100
000111111111011001100011111100001010
000111001101001101000101001101000100
000111111101001101111101001100110110
000101001100110110100001011000110110
000101001001010110110011111111001101
000100011011001000001100100000010111
000111011010010001000010100000100011
000111001001111010010011010000011010
000100100010101110001110011110101111
000111000111000100101110101000000101
000101001000110001110000100111110001
000111101111100010000011101001011000
000111100000100010010010011001001110
000100011000011101010100001010100010
000101000111010100101110101101000010
000111010111101000011101001110101010
000110111100011111101010111011000010
000111100101111110010001100110100111
000100000000000001000100011110110010
000111111001110010100000111111010001
000111110111010000100001111000011101
000100010010110110001111011100101110
000111100000010100010101000010011010
000100111010110010001101001111011001
000111111001010110101101101101101111
000100010001101111110101001001110101
000111101101100111111011100001011001
000111001011110011000101001111000010
000111100100111110110100011011000011
000111011000011111111111101110110111
000100110010000101001110100111110001
000111101100011110001111010001110100
000111100100111101000001110100011010
000100000110111110100101000011011100
000110110100100111001011101111100110
000110110010011001111100100100100110
000111101111110111010001101010110101
000111010101011010101011001101110111
000111001100010111000100011110011010
000111000111011000100001100011000100
000111001111110011111111101010011001
000101000001001000100000100001111110
000110110011100110101111010111100011
000100001000000110000011011000001110
000111001001101100011011011100101100
000111001001110011100101000001110011
000111010001001100000011010011110100
000100101101111010110001000010010100
000111110011011011101011011110000100
000111110000101000101011001000000100
000100001111111000000000010100101100
000101001001001010100001111001110100
000111011111001100101100101011111101
000111000010110111101110100000001001
000100011111111001000010100100110111
000100001100010110111110001010100010
000110111000100111100000111010011111
000100100100100011010010110011101000
000101000011110010101110110011110011
000111011100111101000000010011110001
000100101011100100000101001011100101
000111001100100111001011001111100011
000110110001100100000001011011101110
000111001011111110010100010010010110
000100100101011100100011101111001100
000110110111111001100100000110101001
000100000011110101000010000111100111
000111000101110101000011100001001100
000110111001100011001111001010001010
000100101001000110101101100101100001
000100011101100010101110100000000101
000110111110101001010011101011100101
000111100101001110011111100010011001
000101010011010000000100000010101000
000100111101111100011111100101110011
000111100000000101111111001110101001
000110101011101101101110110100100010
000100100011010100001110101000100101
000111110110110011110010000010110111
000111011100000110010011001001100110
000111011010101001100001011101100001
000111001000001111011010101100001010
000101001001100111000010010101110111
000111001110011001110011011110011110
000110110111111111000010101101100010
000111011000010101110010110110110000
000100011100101100111111001011100111
000110111111101010100011101111011100
000111001110001011100000000101011100
000100011010011011001010101101010011
000100010110110000010011000100010010
000101000101111100000001110110000101
000110110110111111000000001000111111
000101000011001100110000111101011010
000101010100110100010001110100100010
000110111100110011111111010001001101
000111101000111110011011010001110011
000100100111010011101011101010011000
000101001110001010000010001001100100
000111110010000000101111100110111101
000100111011110111111100110010110101
000101001000111001100001100001100011
000111110110100001111101110111010110
000100110011101001000010101010001100
000110101101000111110010111001111110
000110110000010101000001100001010001
000101001100000100110100010011110111
000110101010110111010010101111110010
000110110011110100101010101111011010
000100011000101001100011111011011010
000100000011011100011101110001001010
000101001111111001110011110011111110
000100110011000010011101010100110010
000111001100000011000001100000011010
000111111000010100010100100100001010
000100000100110100010011011010000010
000100001111010111001011010100001101
000101001101011000111010110011001011
000111110100111100010100111001101010
000110111110100100001010111101111001
000110111001011001100010101000101110
000101001111011000000001110000001110
000100010111010100010100101100001110
000111101011101110111111001000101000
000100010001110110001011111110101011
000100110100010001101100101000111000
000100110100001000001111100011011010
000111100101111010011110001101100110
000101001110000000001011101100100101
000111010111111111100011000001011100
000101010000001010010100110000110000
000100110010001101010010110011001000
000110110110100101101011101010000110
000111001100101110111011000011000011
000111011100010010011100101100101101
000100100101011111010001001011100010
000100110111111110100001000101111110
000111011000000101010000111010101101
000111101111000110011101010001111110
000100010010001101110100011111100000
000101001011011011101010110100000001
000100011110101010011011000000101001
000100111100110110001111000000010011
000100110001111011000100000100000110
000101010100111011010101000001101010
000111010100010011011100001011111010
000100011100010010000100101101000101
000110110011111001100010110010100110
000110111010011000100010000001110110
000100011000111100000100111001100011
000101010011000100100010010101110010
000101001101111101110001110001110001
000100010000101010111010110111111111
000111101110000000100001000111001111
000101001101001111111101100101001000
000110110010111110111010111011110011
000110110110000000100000000100101001
000100101010011110001110011111011110
000111111011101111011110011100111101
000111110000110111110100010010101110
000100010011000000110001010100111100
000111001001101111000001010110011011
000100011101111101100010110101010000
000100111000110111111111001010111100
000101010011111001011111101110011000
000111001000100000101101000001101011
000111011001110010011101000011111101
000111110100001010010101001110101001
000110110000001101111100101110111111
000111010010111111000010001100000001
000100111111001010100011011010001011
000111110100011101010100001111110101
000100010100110000101111011001110100
000111011001000100110100101011101100
000111110011011100001101100101111000
000101010100110011100010001001010001
000101010011001100100000110000000110
000110110011011001000000000101000011
000100111000011000001011100001011110
000111101110010101010010011000101011
000111010100000100000011001110001011
000100110000001001001100100011011101
000111000000111110100000010000111000
000110110111000100111100010010010100
000100101101100010101110000110101000
000100100010110100101011001010100010
000111000101000001000001001110101000
000101001110101101010011100110111110
000111000111000001110101001001000100
000100001010101010001110111010000000
000111110101100110100011011010110110
000101000010011110100100010110101100
000100011110111001011111101000101000
000101001100100000011011111110011001
000100001011011111110011111011001010
000111011011000001110100101110010101
000100011010111010111011001000100101
000110101011001110100011000011000110
000111011100011111011100010000111101
000100001100011101001100101001010101
000110111011110011110101000010010110
000100010100001001011110010111100011
000100000101011111011010111000011000
000111000001000000101110111001000011
000100010111011000001010111001110010
000111111010000000010010101100101001
000111010110001000010011000011011010
000100100011011111111010110110111010
000100111100010101101111001011101001
000111101010001100010011100110111110
000100000110001000110010100000101010
000100000110110001111101000000101110
000100000000001110011101110100010100
000101010001100011100010101111001101
000110101111110010110010110011110011
000111100011011110110001000001110011
000111000101100011110000101001101110
000111101001111011000000110001001000
000101010000110111101011100101000010
000101001000011011011010101111011001
000110101110100111000011000110111110
000100100011010110011011111011011100
000100100110110001111100111011000001
000111110111101001110101001101111010
000111001111000110111101101011001000
000111110011111100100100111011001000
000111000000101010111100001101011100
000110110000000100000101000010000001
000111110011001101101110011000001000
000100100010100011011111001000100010
000100000001001011010000111110100000
000100101110011110101110001000001000
000100111001010001110011001010011110
000110110001101101110101001111011111
000100001110011011000001000010011111
000110111010100101000001110101111110
000110101011010010101111010101100011
000101000000110111101110100100101100
000111011111100001101110100001000000
000101001101000101001011000000100110
000111010110011101011010110011011000
000100011001011100000100110101000011
000100010101001100111101111011100000
000111011010110001010001011001101010
000100100100110011100001110110101010
000111111110001010110011001110110101
000111010001000010101101110001110001
000111001100111100011100010111110101
000100011101101011110100011111010110
000111101011011111011110110111111000
000100000101000110100100111111110111
000100001111011011000000100110100011
000100001011100101100010110110101110
000111011000101011011011110110111111
000110101101101011110011011101100011
000100110011000111110010101000100001
000111100110110010101010101011101100
000100100000011111110101010010000011
000100001110101111001011100011011001
000111100101100011111101100010101011
000110101100001011100001101001111101
000100101110000110010001100100010100
000111101001110100010100010100101111
000111000000101001001011011001000100
000100110001011011111011001000000011
000111110011011001101101011011100000
000111110000111010110011110111001110
000110101100111010110100011110110110
000100011010100101010000110100100000
000110110111011001100001001101011111
000100100010111100101010111000010101
000111000111011101111111110101001001
000111101110101011000000011101100101
000100001111111111101110100010111101
000100100011110110011110111000100111
000101000010111010110010010000001001
000100111011010101000100100011001011
000100001101101111010010110111111000
000100010010100110101011011001011111
000101000011000011110100001000101000
000111100010100111011010111000100110
000111100001010000110001010000110011
000100001000011001101111101110001010
000100000011001011001011000000010111
000100100011111110000010001001101101
000111100001101110111111010011101111
000111001111011110001101001010000010
000111011000010010001110110100000010
000111100100010101001011101000101001
000100001000110010001101111110000001
000100000010010011011010110111011001
000111010100010100000000101101010110
000111100000110110100001110110000101
000111100010110110111101000111111101
000100100011101000111111011010010001
000100100011010001011011101111011100
000100010100110111001100110000011000
000101000010010111110000001101101011
000100011010000011111111100001001101
000110101111110101011100011111110100
000100101101100110000001101011110001
000111101001101100100000100101101100
000100001000101111100001001000011011
000111010011001010000000110001010010
000111010011111010101101101110101101
000100100001001011111100111000011011
000100111010010111011101101101001110
000111011000000101010101010101001110
000100100001100100010100001001101111
000110101011001000111101110100110001
000100000110101001011100010111011100
000111011100001010001100001100101011
000111111110011010101101100100100101
000111101010010001101111110000111001
000101000111110110100010011011101100
000111111101010101101100011011111110
000101001110111101111110110100000010
000100110001000000001110011001011010
000110111111100000110000010110001001
000100000000000000001111111110110110
000100111110110000110000011110010000
000111011110010011010010100010011010
000111100010011101000010111010010011
000111000100001101001111101010000100
000101000111100101111111100110000010
000111011101111110011111111100000001
000111011000100001100011001100001110
000111000101101010011101010100110000
000111110010101011110010101101001110
000100110010111100000000110110010111
000111010100000101101110010100110000
000100000111000011111011001100110110
000100011010011100110010101111101111
000100101010100100000010001001100100
000110101101010010100001011001000010
000100110110110100111111011100111110
000100111000001111110001110100101111
000111010010100100000001100010111011
000101001101111000001110001100101011
000100000110000101101110001101011001
000101000111000100011010101011010010
000101010011101000011011111010011000
000111001010000110000010011010110111
000101000001000001000010110001111111
000111111011110101101011111010010101
000101001111111010110010000000100001
000100110111111000111100001100001011
000111100110111100000001010100110110
000100000101110010011011000110010000
000100011100100011000100010110001111
000111110000001101001111011010111111
000100011011011001110011011100111010
000101010000100100111100011011101110
000100011000001000111010101110100110
000111100101001111100001000111011100
000111101100011111100101000110001100
000100110110100011110000100111110010
000100101011001111110100110111011100
000111011010011010111011010001001101
000111011011001110100010000101000001
000110111011101101010001111111001010
000111110011010110111111100101100100
000110111010110000011100010011000011
000111100001110110001111100010100001
