000000010010111010110000101101011110
000000110001111001001110101001001001
000011000010000001110100111001000010
000001001010001101101101011011010011
000000011010111001001110100100001000
000011110010101000110000010101111001
000010111110111100110010001011111110
000010111110111000001010110011111100
000011111101010010101110001010111000
000000011110111111110010101000101000
000000001000000100010100011111001101
000000110000101100010000000011101111
000000001101100010100010111001010100
000011101101110000011100010001000110
000000110000110010000010101111110100
000011010101010010100001111001111111
000000000010101000111111001101101100
000010110001111010101011000111110110
000000110011011010111101011011011110
000011001110110000000011111011000101
000010101101011101000000100011010111
000001001000010111011101110101101000
000000110101001111110001001110101010
000000110000010111001011101011101100
000011000000000010110011011001110111
000011110101010111110010101001000010
000011101111011011001011001010000010
000000001010111011110011101001001111
000011001010001000110001001011011100
000010111100011100111110101100010000
000000000100011100000010101010110010
000011001100111010011110000000101100
000011111100101101101101010011001110
000000101001111101011011110010001001
000011000110111000101010110011100100
000011011101001111011011010100100010
000001010100011100111101100011011110
000010101101110011100000110110011011
000001010000111001111011011101100001
000010101110001100011111001110110101
000000001000110001011111000110010100
000011111000010010111011000011001100
000001000001100001001011001100110101
000000110111011001101101110110001001
000011111001010011000011000001010100
000001000101000001101011100010000111
000000111101011110011101011110010010
000000101000100000100001111000010011
000001000001010011110100000000111000
000011011100101100001101101011011010
000001000101100000100000111111010010
000000101010011100000011111111100001
000011100011111101100001000100101010
000010110100111100100011101011100000
000011000111101000100101000011011110
000000101001100011111100110110110011
000011001001100111011110101101101111
000011110100000101001100100111110100
000011100010111010101101101101110001
000000111011110000010100011000100101
000000001110100001100100111101010110
000000000101011001011100000001101011
000011010111001100010001001010100111
000000001000001001010100101101010000
000011010000011111000000010110000011
000011001100101110111011010001000010
000011000110100100011111000011101010
000000110110111111011011111011101011
000000000111100000000010101101110011
000000110011101000110010010010010011
000011001111100001010001110001010111
000000011110011100111101001111011111
000001000001010110100001111000111110
000010110011110010101100101110001100
000000101101101011000001010111011101
000001001100111101101110001100001101
000011110001010111001110111000011100
000001001000000100110000111101110100
000001010100100000001111010011001101
000000010101110110110011011001110010
000000110000111101000001000001001100
000000100011101010100010110001111101
000010101100110110011101011011000001
000011111111001111001101100001110101
000010110111010100111010110111010010
000011000101010111100010010001010100
000001000111000001000011010110000100
000011000010111111100000010011101001
000011110101000100000100111000001000
000001001000101101100000101101100100
000000101001000100110000000011000100
000000001100000110001101111110010001
000011011101011000011010101100000010
000011011001000110110010010101010000
000011101101011000111100111011100110
000011010001101010101111111110111000
000000010010011001101101110111100011
000000011111000101010100111011100000
000001001000001100001100000101110111
000000011100000100010000011010101000
000000001000010101011101100101101110
000011010001110111101110011000110101
000001010000110001011110101100001011
000001010010100110100010000100111100
000011011010110001101011001010110111
000011100001000101110100001100000100
000000001111010010010101001000110100
000011000001100011110011110100010101
000000101001111100111101110000000010
000011100111001100111110110011000011
000011011011100011010001100000011011
000000101100111100100011011001011011
000011000111110110101111111000100000
000000110111111110011101111001001000
000010111010110011110011001110100000
000010111011011110101111010000100110
000000111010000001000100010110101011
000011101110010100110000110011001011
000000111000011101001100000011010101
000000000001111101111101100110000100
000010110100111010011101101010010000
000000100000101000101010101100011100
000000111110100001010101000110100110
000001001101010010110000010001010001
000010101111100011110000011001111111
000011000010010000101101111010110010
000000101000110010001101110111001101
000011001111101111011100000111001100
000011000110001010111110111101100110
000000010101111011101100011011101110
000011100010011100000100110001111001
000001010100000011000100100010001010
000000110101111010010001110101111001
000000011011001011011011110101011010
000011110101010111100001101111011011
000000110101011110101101101000010010
000011101010011010001011110000000000
000011101110101111000011110110011100
000011011100111000000100011110101100
000010111010011000111011000010010011
000011110000100011000001111111011101
000011100110011100101100110111010101
000000001111010100111010111101000010
000010101100011011010000011111011100
000011100110100011011101001111010001
000000011010101000011111111000100110
000000110110000010111101010110010000
000000010100011111110010010000100110
000000010001010011010010100101010100
000011010001001111100011101011011001
000000011001000101011100000101101110
000011111100110001001111010010101100
000001000011001010001110111011100110
000000010000101000001011010110101100
000011111000110111010011000000000111
000001010011011110111101000110000110
000001001011100011001111011010100010
000011101000101100110011010100111011
000010111011101000111011110101110011
000000111001000011111101011101101010
000000101110101100000001001101010011
000000001011101101111101011101100000
000011010011011001010001010110111011
000000110101110101000100101101101100
000011100101001101001100011011001011
000000100010001101110011100100110111
000011101100100111011011000101011001
000000001000111001000000011100001011
000010101101101000111100000111111010
000000111001010100101111101101010001
000000000000100011011100101000111110
000000111110111011011011101010101011
000011101100100111110000100010010110
000001000111001000110000110100011100
000000000011011101111100111011100011
000011101110110101111011100110010101
000000000110111001000001110110101110
000000111010000010010011010001001100
000000010101100001101111000000101110
000000111000010111001110001110111111
000011100011101000100001100000011010
000010111011110011001111101011110111
000000101011010110100000000000100110
000010111000000000100100101010000110
000011011101000011101111001001000100
000011011011001101010001111100001110
000000100110001101001101000100101101
000000000000111010011100100101000111
000000101110001011111100111110000010
000011100010000000000001000111101110
000001000011011101101111001000010111
000000111110111001001100011010011110
000000111110000001001011100100001101
000000011100100100011101010100010000
000010111010010000001101011101000110
000000101110011010110100100011100001
000011111000100101111011000111011001
000010111011100101010101000011010111
000011010011100010010100000010001100
000000001000100111001101000111001110
000011001011011110100001110010010111
000001000100101101101110000010010110
000000100010101101111101100010010001
000010110011001001000011001000101001
000011001100011001001100100000010001
000000110101001101001101001010000001
000000001010001011011111100111100011
000010111110000101110000000101100000
000000100011100010111011011010101001
000011101100111100010000000111110100
000011010000000000110011101100110110
000011010000011010001101010110111101
000011010010110100101101100000010000
000000011110010110111101111110011001
000000000110110011000101000010101111
000000111100010101100010111010100100
000000000001000111101110001011000000
000011101110010000111111000110111011
000000010101100101101110000111110001
000000110110101000001110100111011101
000000100011000110110001000110011000
000000110101010010010001110101111100
000001001101111001000100101010010110
000011110011111000001110010100011001
000010111001001001001110001001000100
000011110100110000110011010010110100
000000011100110101011100110001001100
000011000101110101010011100101000100
000011000000100001011100010000011110
000000011000011110011010101110110011
000000111000010001000101010011011001
000011100100000101000010001000101110
000001010100001110001101110100110111
000000011111011100101110111110100000
000000001001100010101110111110110101
000011001010100110111100001111011000
000001001010011001000010000000111010
000011110000000010010100111010101101
000000100110110101101111010011001110
000000110111100100001011011100011000
000010101101000100010000100101111110
000001000000101111001011001010110110
000000000110110010110000001011101000
000000101000000101000000110011000100
000011001011001000100100110101011000
000011111111111010001011011110001000
000000000000111111010011001000111001
000010110011101011110000010101011111
000010110101111110011100001101011100
000000011011000110001100101101111001
000011111100001110111011111000100100
000011111010100100101101010100001010
000011110101111111100010000001010011
000010111000100101111110011101100111
000000010011100100111100101101011110
000001010000110010001100100011111110
000000111000001101111100001100001010
000001010001011000110001101001111001
000011000001010010101101100010100011
000010110010100100011100101000010111
000001001001100011011011110011100011
000011101111110100010010001010011010
000000100001010111000001010111100010
000011101001100111010000111111001001
000001010100100100010011101100011101
000000001100101010110100011110111100
000010110100010011011100101111111100
000010111000111111101100101100110011
000011001100011100110100010110010011
000011011111110111000011111111100100
000011111001011101110101001010101011
000011100000001001010000101000011000
000011011011001101111011010010111000
000001000110101110101110010001000101
000011011011111011001110001111011111
000001001011011101111100101111111001
000011011110001101000011010010110111
000011010100111110001111010011111100
000011101010101000110100110011110101
000001000111110100011111111111010001
000001010011101011011101000001101101
000011101100000101110010100011111100
000011110100000001010011000010000110
000000010111011111101111011001111100
000010110111001000010000111001100110
000010111001111111000011001111001111
000011100110111010110000111011011101
000000111111010011000010101110001010
000001000001101111011111101000101000
000000111011001110000001001011010000
000011010010001110110011101010110000
000011101011110111101111010101001100
000010111011110111101011000101100001
000001000110011111000101000110010000
000000000111010000011100111100000011
000010101110111010000011111000101100
000010110011101010010001010011110001
000011111000101001111100100110100100
000011101100001101000001010000000010
000000000111100110101101100000010111
000000100110001100110100110000010111
000011101110110110110010110001110011
000000010001011011011101110010101011
000001001000100000100001100100110010
000010111011101001101100000011111111
000011001100111011100001001001010011
000011000111110011000010101010010000
000011101111011011100001011110101011
000000010010011001100001010110011101
000011111101100110010011010111011111
000000111111010100000011001111111101
000011100011001010101101111101110010
000010111010110111110001111101111010
000011011001111000000101001110110000
000011101111011110011011010101110110
000011000100111100011011000011111001
000000000101011110101010101110110111
000011001000111100010100111110100010
000011101001110010101101000000100110
000000000100011000010100011000111101
000001010000001000100100111100111010
000001010010001101111100000100001011
000001010000001000100011010010100011
000011001000111000000001111111100111
000011011101100011000000100011101100
000011111110100001011100101011010001
000010110111010101001111101100100111
000000111011100111011110010000110101
000000000011101110011010110111110110
000010111011101000000011100000110111
000011001000100100011110000100001110
000000111001000001001110001010101011
000011101100110111110011110100110001
000011001000111110010100110101000011
000011011011010001010100010001011111
000011001001111110010010100110010000
000011101100001001111110111000100011
000010110101101110101101000111110010
000000010010100011111100011010000111
000000001100001110100001011111010110
000011110000101111100101000110101101
000000011011101110010100000001001101
000011111111000010111110000000100010
000000010000101111001011111100101001
000000110101010100010100000100010000
000000010011101001001011011000111011
000000100010001101001101010000111010
000000010101101100100100101110011110
000000111110001010000010100101011111
000000101001001000111111101100010111
000010110011000101111110111010001100
000000010110000000110000010110001010
000011111101100010100011010010110001
000011111001110110000100101000000001
000011010000101110101111010101100000
000011001001011001010000101011100110
000000001001110001011011110111111010
000000001101000010110100101001100000
000011100110011111101110000000101101
000011011010001110010100010110100100
000000110101011001101111101100010010
000000110011000001000100110010011001
000000001110111110101101111111011010
000000001010101111100100111001000100
000000101100010001110001010011001000
000011001101100100100010100101111111
000000010011110111111100111001101101
000010110011011011101011001010000010
000010111100010100000100010011000100
000000111100100011011101001001001010
000001000010100111010010100011100000
000010111101000111110000011001101101
000010110011100001110100100101111001
000011000101101110101111101111110110
000011011001100010001110111010011100
000010111010101000101100100110011111
000000000111011001011110010000010001
000011011010111110101011010011000000
000011111100011101010100111000110011
000000010001010100010000111110011001
000011100111011100000101010011010011
000011001101011001110011100111110111
000011001101000010001100010010011111
000000001010010111110000100101110110
000011001111110101111011011000110110
000011110110111111111111110100100010
000000000110100011000101000010010001
000000010101101000001110101111010111
000011000000111010000100010101000011
000001001110100110101110000111101000
000000100011010101001011101100101010
000001000011100110010010011000100101
000000000111010011011011001001000100
000011001100001011001100101000101000
000000111011001011111110000010001110
000000010010111011100100000101101001
000000001000000100000010111110010010
000010110010011110000010000000011110
000011000110110001010010000011011101
000000000110000000001010111111011100
000011000000100000110000110010110000
000001000010101111001100110011001010
000011010010011110000001010000110011
000001000010000010100100101101001011
000000010000100011100100001011001110
000011111100101000111111010100010010
000011011010111101000011011010110011
000000101111100010000000101011011111
000011110001110101001110101100011111
000000001010010010100011100111100001
000000010000011000011101110101001101
000011111001001101001101000000101101
000000111101100111101101000101011010
000011110011001010111111111011110000
000000001001001111111011110011000110
000011010001110011000001011100000010
000011000000000000100100001101110100
000001001110000101000011011110001100
000000100111100101011100011101010101
000011101000000001010011111111010001
000000100101100111111100001000101100
000011100100000111101100000111000100
000000100010111010010010100111101111
000010101100110011101011110110100111
000011101001110110001111011011111010
000011100010000111010100101001110101
000000111011000101010011101011110110
000011011001100001100011100101000000
000001000001100001110011011111111001
000000000100100110001110000000101010
000010110101100001100000000110001110
000001001001101110110101000001100111
000011000001111011010000100111010001
000011011000001100101110100100011010
000010110110010111010000100010000011
000001001010100100001111111110010110
000000110001000101110100000111101111
000011100011111111000000101010110101
000011010000000110111100101000100011
000000001110010001110001101000001100
000011000000011100001100100011001010
000011011000011000010100110110100110
000001001001110101000011001000110110
000011100010001010000101010001001101
000010111110110100101011111111100000
000000100000100100100100011000011010
000000001100111010110010011111100100
000001001000010011011101110010010101
000010111001000100100000110010001000
000000011110000001000000000111001101
000011000101001101001101100101100100
000000001111001001000101000010111000
000001010100101010110000001011101000
000000011000110110100000011011110011
000010110011000100000101010011001001
000000100010010000010001111110100100
000011010001010001010101000101000110
000000101111010111000100001011110101
000010111010111111001111100011010111
000011000001100000110101001001011000
000010110110001100010011010010100010
000000000101001111000000101111110111
000001010010010110000010010110001100
000011011010111100100011110101000010
000001000000000011001110110011011111
000010110001011000011110010100011011
000011000000101011111011011111000011
000001000011001111000100001011101010
000000011001101001001110000100010101
000011100000000101110011010010100111
000011111000101111000000101011111010
000011011011111000110011100011010000
000010111100001011010001111010100100
000000111011001110101110010001011100
000011101010010110001110000111010111
000001001111000010001100110011100011
000010110100101010000010001001001001
000011010110010111001011010101010110
000000100001111111011111011001101110
000011101011000001010011111100111000
000001001011010100010001101001011010
000001010000011010010100100110100010
000000001110001100100010101010110000
000000101110100010010011100110000011
000010110100010110110001010001001101
000010110110001010100010000010110110
000000000101111010111110000000110001
000011100101000001011111101111110001
000011010101000111001111010101000110
000011011001100111000001110111011011
000011011111000001110100111001001100
000000101111111111000001100101100001
000000010101000000100011101010010101
000000010001100101000010010001100011
000000001111010010101111011011011011
000000111001111010110001011100001000
000011111001011110000100101001011101
000010101100111101110001110110100010
000001010100001110111011101011101110
000000000111101101100011100010110000
000011011011100111011110101001111111
000011011010001010101011011010001000
000011001000010010011101011001000100
000011010111001001111111111000000001
000011001000001000000010111111100011
000011100101001001100001101100000000
000011111010010000110001010101001111
000000110110011001101100011011010000
000011100110010001111100011010010101
000000110001110100010010110110111011
000011100011111011010100101111011101
000000110010011010111101111100111101
000011111000010100011100111001010100
000011111101010001000010110101011101
000011011001111010011011101111110101
000010110101011110110100000010110001
000000111100111110101101011100000000
000010110001001110001100110010110111
000000011000100000000010011011001000
000010111011011010111101011111111110
000011011010101110000100010010000011
000000100001101010000010000011000100
000011001011100101010001001111010000
000011000010011011000010110101011111
000010110011000110100011000000101101
000000011110111110010100001110011110
000011101001100000010011111110010001
000000010100000010010000001000111100
000000100010111100100000111010101010
000000100010110010111100010111001100
000000111101101101010000111001101011
000001000101001001000100111001000010
000000110100100010100000110101101101
000000100101110001101011010000111111
000010111110101000101010110110100101
000011111100101010100000000010000000
000001001010000011100001101111111000
000010111100100100100011101100111000
000011111011011110010001011101011000
000011011011010010100001010100000100
000000101000010111111011111110000111
000000101100101101100000101100110100
000000011000101001101011100001010011
000011101001111010000100101100011101
000011000011110110100010101001011111
000000101100110001000011010100010011
000000101111110100111011101100100111
000000000110101100100001010000000101
000000000001110011100011111100100101
000010111001110010101101011011001111
000010101111111111011011001110010110
000000011100011010110010001101011110
000011010000110110000010000000101011
000000110111111000110000101010000001
000011111011011101001110010000110100
000011010011011111111011110011100010
000011011000111010101100110100001000
000011101110001000110100010101011111
000000111100111010000001110100110111
000011000101111011011111110111011001
000011111000110110011110100010111101
000000001110101010010001000001010010
000011101110001001001100100000100100
000010110101111100100000100110000010
000011000101011001111111110101110011
000010101110010100011011101000101111
000011011110000110111100010000101101
000000101100011010001110111110100000
000000011111110011001011100100111101
000011010100001111100001101011000110
000011001110100111100010000101000011
000011000010110110010001101011000011
000010111001000000111110010110100111
000000001010011101001110001011010001
000000111101100001101110001000101001
000010110010110100001101100001010110
000000011101111011000001111001001111
000001001000001111011100111101110001
000011110101010010011011110000100011
000001010011101110101010110001111111
000011100001001101110011111010000101
000000100100011101101100010011110100
000000010010101001011110110010001011
000000001100111110000000001100111100
000011100100000100001111010011011010
000000101100001001011100001010100111
000001000011001101100011101111001001
000000111001101110100100010101101101
000011010000101101001111001110110011
000001001111011010011011000011000111
000000111001011110010010001000001100
000000110001011111110001010001110000
000000110100000100011101000010110011
000000010011000100010011001011011100
000001000111101100101101111110010000
000011100011000000111100011110000000
000011101101001111010001011101110011
000011111111110000001111011110110010
000000001111110111100001111101111010
000011100111100100000011101011101001
000000100010110101110000100000110011
000011010000000100010001010001010011
000010110000010000000010111000000011
000010111100000100111111011010011110
000000100110100001100011111110101110
000000100100111111101110001010000101
000010101101110101101111101101011101
000000010000101100101110001011001101
000011010110101110110100010001111000
000011111101010111010001100100010100
000011111100110111001110001011001011
000000100101111110011111111111101000
000011011010100111100001110100011011
000011110100101110011101011011111101
000000100100011001000101001010001011
000000100101101001001111001000111111
000000000000011110000100110111100000
000001010001111001010001001001110010
000011110010100000101011111011001111
000011110110100111010001111101111111
000000110111010100011101011101111011
000000010101101011000010001001101000
000011001000000101111111010011001001
000000000110011111001111010011000111
000000001110111101111100111111011110
000011010010101101010001000110111010
000011111001111010101111111110110001
000011110100100111100100101110110000
000011001100010010001111111000101001
000011001010101001101101110100110010
000000111000011000010100001101000010
000011001100101011110011111000000000
000011001011001111000001001100100110
000011100010001110011111110011000001
000001010011111001110010101000100100
000010111111111101100011100111000001
000011110001111010001100010111111111
000011100101000100110001101101001000
000000101000001111101110011000011010
000000100000101100001100101100011110
000011100010001011001100001010110111
000001001110110100110010001110101001
000000110110001010110101001000010000
000000110101010101110001010000001110
000000011100111100100000001001111100
000000101111100110110000110100111000
000011000111010011001101111110111010
000011001010111010001100001110110100
000011111111100100001111101010111001
000011101100011101011100111001001000
000000111011100000001111000101000100
000011001110100111111111100011010011
000011001001011100011101001010011100
000011000010101111101101001111110101
000010111111000101010001110010101110
000011011100100110110001011001111010
000000110110011110110011100101101111
000011101100000011100101001110110011
000010110010111010011111110000100000
000011011100000000111100100111100101
000011000001000101101101110001001001
000011100010100100111010101110101111
000011100101111110100001000011011110
000000101110101100100011100011001101
000001001010111010001011111101101001
000011100111010101111110001010001000
000000101000111000101011010010111100
000010101110110100010000110110100001
000011000101011101111100001101110110
000011011101100000000000000110010010
000010111001101000111101000101100001
000011111000111100011111000101000000
000011011000011101111110011001011111
000000100000101010011110101110001000
000000000100101001100010110000001110
000011110100001110111110101000110100
000000010001101101111011101011001011
000000110001110000111100001000010110
000011101000010111100011100101101011
000001001111110110111110001101010010
000011110001100011000100000010010001
000000010011010100001110010010001111
000011100010100101010000000001001101
000011000011100101000001111110100100
000011001011000000101110110010101101
000011110010010001011100111110111000
000000101110000110111100011110101011
000001010000010100011100000011001110
000000010101100111110100100100110100
000010111000011000010000110011000111
000011110110111010111010110010100011
000000011110100010000001001100110010
000000110001111100001011010011111010
000000101010100011001101101011000110
000011111010100000101011010110000010
000011110011100100101100011001010011
000000101110010010111100001110011001
000000111101101110111110111011100100
000001001000000001010011001111111101
000010110010101100010101000011110111
000010111010000100111100101100110001
000000101110110101100100110100001010
000001000101110001110011001110101110
000000010110110111000011011011101110
000000111100001001110100111000111101
000000010110101111100100010000011100
000001000101001001101101001011110100
000001000111101101101111101011110000
000011010010011111000010000010010001
000000011010011000111011011001011011
000011100010101011110000011000001101
000011111011001001110001001101101100
000000101110101101110010101101111110
000011100110110010101111110110111000
000001001000000111011110000100100110
000010110011000101010011110011100111
000010110011000101011111101010101010
000001001101010111100001111100110000
000000111010100101000100110001010011
000000001101111101100101001011110111
000001000001011011001110001110000010
000011101001010000100000101011111001
000000101001001110000001000101100111
000011100101101101101011000111001101
000011100010010111100001000111100111
000011100111000010001101001111001001
000011100010000001100000101010011100
000000100001110101010100001111100110
000011110010011001010001011010000011
000000000000000101101010110101100111
000011011101000011100100100101001000
000000011001111111001100001110100100
000001010010001011011111000111100010
000011111000010000011110110101100010
000011110011100011100100011011011111
000011001100010110111101111111101101
000000110000001001100000001111110100
000000011010100101000000001000110011
000011011010001100011101000100101111
000001001011010110001100001010011000
000001001011010111100010100100011100
000000010100011010101110001110100000
000000100001111010001101010011101011
000000001100111110011110011111000111
000000000111000101010000001110011100
000011111111011011111101010111011011
000011011010000101110000011110100100
000011000110001110001100000001100100
000000000000000101110011100000010011
000001000001001011100000001000011110
000000001001000110101100100100110111
000010111111110001101100110001111000
000001001000111101110011100001001101
000011011010111001111011101000111001
000001000010100110001010101101100000
000000101101111011000001110001001101
000000110010111011111100111010001100
000010110100000100011100101001000110
000010110100110101100000001010100111
000001001100001110100001101111010101
000011111111101110100010110010110101
000001010010001011110001001010010110
000011011110000100101101110101111010
000011100110010011011110011000111011
000000001101100001101111100101011000
000010110001101010011100000011111010
000011101001100101110000111000010110
000011011101110100001011110000100111
000000011111000011110000010001110110
000011000010111111101101111000110100
000000101111101000000011100111100100
000011001001001000010001000001100000
000000010001001001010000000000111101
000000111001110011010011001000111100
000011110011100111000001010010100110
000000000011100111100001101100000110
000011010001001000111100011100000101
000000000010011000010100111001100111
000000010000001010000010110111100101
000011100101101110001100101100001100
000011111000110001000000000010100000
000011110111000100100011000010001110
000001001101100011111110010100111110
000011001000100110100101000001010000
000010111011000001001101110100101100
000000000010011111001110000011110001
000001001001110100011101101000011110
000000111010001010111110100111110101
000010111011001110001100000100110100
000000001011100001111111011111001100
000010110111100001101111000000010001
000001010100111010101010110110011111
000011100010100111110010000101100100
000000101010011110100101001011100101
000011101101101111101011100000100001
000001000101110000001110100110111001
000010111110100000001100000110011100
000010111101110101010000001101101000
000000001001111101000011101001100001
000011101101101001111100011110000000
000011100001110000001101000100011111
000011110001110111110001110000011101
000010111011011101011111000100100100
000000001000111001101110011010000100
000000101100010001100011001110101111
000011110101111111111011011101001000
000000101110011001110011111010010001
000010111110001101111100100101000000
000000111010010011100000111010000010
000010111000010011011111111000111011
000011111011101111000001010111001011
000000101111101100111110000100100000
000001001010011011010100000110111111
000000001110101101011110011101011110
000011001110101111110001001000100010
000000111111110101110011100000010000
000000110100000011010001100011110010
000000101011100110011101010001000110
000000110011100001000011100001100101
000011000010010000011110010000001000
000011000111011000101100100000010110
000011001110010001001111101001110110
000011110100000110100000111110011111
000011100011011110111100001000101111
000011001001010101100001010100111001
000000010001011111101100000000010000
000001000110011101100100110011110101
000000011101101110010011001110100100
000011001011011000001011101001111010
000001000110111111101110110100000011
000001000110000000101011000101101110
000000001010000000011100001011011000
000000111010000000101111110110010100
000000101111101011001101001001000001
000001010100000001101101100001000001
000011000100110111000000011000101010
000000010001111111010100011001101111
000010111001011101011101111100001000
000001001110000111111111110011011011
000000101011101111010100110100101010
000000111111001101000001010010011111
000011000100000010101100000110011010
000000101010011101010010111110101011
000000011110011011101110010011110010
000000100100100010011011100101111111
000000011110010101011111111111111010
000000001010001001000100000111010010
000011101111011010000011001000010111
000000110000110110100001010111111101
000001001001100000100010101000111010
000000111011101000011100111110010101
000000011111010001111101011011100111
000000110110110101000011101100001000
000000010100011100001111110011011111
000011000001000101100010000101111010
000011111110011111111110001101000111
000010111111010111100001101100010010
000000011111100001111110011001100011
000001000111010001001110000100001010
000000010001101011101100111110100111
000000100010011001000010011100111110
000011011110111100110001101010100001
000011001000101010010000010011100111
000011111001111101011100111000101101
000011000101010010010010100011010111
000000101000001101110001110111111000
000001000001111100000000100011110100
000000011011011101101111110001000011
000000101011110010101010110101011011
000001000111110001100011001111110100
000000000000110100000011011101110110
000011001011000001100100101010110000
000011101011001110010011100011000011
000001010011011111100001100011011001
000011001011101010110011001111111011
000000011111000011000001010100000100
000000100010010100100100111010010101
000001000101011111100000101111100110
000000100010011110101101110110010010
000000100000001110011101011010111100
000011110010101000100010001011110101
000000001110011110010000000111000111
000010111011111101000001010010101111
000000100100010010101100000110111101
000011101010110000011110001101110110
000011101111000111101110001110000101
000011001000010100111100100110101010
000011011010011101011110110001010101
000000011111001011100101001111100000
000011111100110001101100001101011111
000011010110010101110000011000111100
000000100101000001100011010001001001
000011101110111001110101001000110000
000000000100011001111011010000111111
000000110111001100101101111011110110
000000110000000001001011100001010000
000011100001001011001011111100010110
000000100010010010010100001001011010
000011101111100010011111111001001001
000001001011101100000001110101111110
000000101000000001111101101111000010
000000101101100110000001001110101110
000011100101100000100100111000100011
000000111011001110000011011001100011
000011111100101010000011001101111000
000001010011000101110000001011001000
000011111011111100000100101110010100
000000010001001011010011110100101110
000000111110000010110001000000111000
000000101111110001100011010011010101
000001001110111001110000001000110111
000000111000111101010100111100111100
000011111111111000100101000100101011
000000111011100001001110011000011010
000000011011111010111101000101100000
000000001110110101011110011011101111
000011111101100110010000101110101001
000011010011101001000001111110100011
000000001101100111001111100011101110
000000110001011111011010101100000111
000011110101100100110000101110011100
000011001101111000011110110010011111
000010111001001110111111110110001001
000011000011001110110100000000110110
000001010100110000101100001110001001
000011101110101100101101101100000000
000000000001110011100011100000000110
000011010111111111110001000010101011
000011000111111011100011001000010101
000000110000111010011101010011011101
000000010110000001001110110001111111
000011000101110100101111101000010100
000000000100111000001101000101001000
000011100110111010101110111111110001
000011010111110110110010110101101111
000001010010010101111011110110100101
000011111010100101000011011100110111
000001001011100001011011001011101001
000000010110000110101100111001010000
000000100010011110011011001000011000
000001000001100100011110100111011101
000010101101010000000000111011000110
000010101111111100001100011101100001
000010101100100011111011110110010100
000000000010111000001011111000111010
000011111001100000111011101000011101
000010101101101011000011000101111001
000001000000100101101010110010011000
000010111111011100110011010010101011
000000010000110010001011010110110100
000011011100111100100100100001111011
000011110011001110000000001101000100
000011100101001010000001001110001110
000000000111000101101111000101000110
000000101000000111100001010111101110
000000001101000101101100100110111011
000000110001100111011111111110000111
000001000111101101100001010111101110
000000101100101011011100000000011010
000001010000101111000000011111000011
000010110000111011100000001111010101
000000001011110010000011101011010000
000010110001011110100011101101011111
000000110011011011000010101011111100
000011110100111111010001110111100011
000000111101001100101111101101111011
000011001001100110010010000001111000
000011000110000010001011100111110011
000010110001011001011011100001110000
000011110010101000000100100111000011
000001010011001000101111110000010001
000000001101001101111011111110100111
000010101100110010011101011111000011
000011100101000010011100000111110010
000000110011000010000010110111010101
000000011100010100000000010101000011
000011010010010101000001101110111110
000001000000101001010010100110011100
000001000110010011101011010111000111
000011010000110000000010001001111010
000010111111111110011100110100101011
000011010101101001111011011000101011
000000111111010010000011101011111111
000010111001111101000001111110011100
000001000000010010000011101001110110
000000110011111000111110000010010001
000000110101001010111100100001100010
000001001111110111011101000010001101
000000111011000101100000101011111010
000010101101000100110001011110010011
000011000011110110110010101001101110
000000010001111000111110110011000110
000011111001110010110100011011010100
000000010101011011011010110010111010
000001000001001010000010001100100010
000001000010111001100101000010010011
000011010010010111101100101011000001
000000011100101010000001111010100000
000011011001010011101110000100111000
000011001100111110101011110100100010
