001000000000000101100000000000001011
001010111110001001011011101110010000
001000000000000110101111111111111011
001011010011001010101101110001010001
001011111111101011001111111111010110
001000111101001010111111001100010111
001011111111110001111111111110111100
001000010011100000010010100010011010
001000000000000011110000000000111101
001011110010101100000000010101000001
001011111111101001010000000001000101
001011000100000101100000010111101001
001011111111110000100000000000101110
001010110010001110111111101100100001
001000000000001010000000000000111010
001011101011000111100011110111001101
001011111111110001110000000000011011
001010110000100010000010110101111000
001000000000010110010000000001010110
001011001100100110011110001001000101
001000000000000000100000000000001110
001000011111100111100011110101010000
001000000000010100011111111111110111
001000101100001100100010010000101001
001011111111101110000000000000111101
001011111110101100101110110001011001
001011111111111010000000000001000010
001000111100011111011011010110000010
001011111111111010110000000000100010
001001001010011111110010000111000110
001000000000001001000000000000011010
001010101100001100110001011011010100
001000000000000011011111111111001011
001000110011011100011100010001111001
001011111111101110001111111111100011
001011110110110011110000001010101010
001000000000001010011111111111111001
001010110100000110111111010100000111
001011111111110101000000000001010100
001000010110111000001110101100000000
001000000000001100011111111111101111
001000100100001001101111101111101011
001000000000001100010000000000111010
001000010000101000001110010011110011
001011111111111100111111111111001000
001011000011101100010010001111010001
001000000000000010001111111110101111
001010111111011110000100100001010100
001011111111101101000000000000011100
001011110011111110010010000110111101
001011111111110101001111111111100011
001011011010100111010100110000000001
001000000000000011101111111111000101
001000110011000011001111011010101100
001011111111101101010000000000010111
001011000100011011110011100001110101
001000000000010100001111111110100100
001010101110110101100000111111101101
001000000000001001100000000001011011
001010110111111100110101001111011100
001000000000000011101111111111001011
001011100010100111000001001101010101
001000000000001111001111111111011011
001011011100001011010000100011000111
001000000000000100000000000000001000
001001000001111110110100100010110000
001000000000000001000000000001010101
001001010011100110100001101011111110
001000000000011000101111111110101011
001010110011111010110010011111111010
001000000000010110011111111111101110
001000101011111000101101010110001100
001000000000000100100000000000101110
001010111110011111011111110001000010
001000000000001011111111111111011111
001011100100010101001101100010011101
001000000000011000101111111111110101
001011001101011100100100010111001001
001011111111110101001111111111100011
001011100001001110100100100000111110
001011111111101011111111111111111111
001000110010011001101101111110010000
001011111111111000101111111111011000
001000001001101111111011011010100010
001011111111111011100000000000101011
001000111000010010101100011111111011
001000000000001110111111111111101010
001000100110000101000011101000001100
001011111111101100011111111111101010
001011100100001000100010011000100001
001000000000000000001111111110101111
001001000111111110011100111100101011
001000000000010110001111111111111001
001011000100000110100100001101001101
001011111111111111001111111111000000
001010110011101010011011010001101011
001000000000000111000000000000001000
001000110011010011110010001000010010
001011111111101100101111111110100110
001010111100110010011101000101011101
001011111111101110010000000000111011
001011100000000011101100011011010100
001000000000010010110000000000011110
001000001000101010111111011001101000
001011111111110100101111111111111111
001011100100010010011111111100111011
001000000000000010101111111110011101
001010110000100100110011111111000001
001011111111111111100000000000100001
001011010101000010100010101110110101
001000000000010100001111111110100000
001011110111011001010000000101000100
001011111111111110110000000001010111
001000101100110001101011000000000101
001011111111111000100000000000011100
001010111011011100100010100101001000
001000000000000011100000000000010001
001010110100001011011100110100000111
001011111111110000000000000000011011
001001000100000100001110101100011100
001011111111110010111111111111111010
001010101100011100000100110000101010
001011111111111001001111111111000100
001010111110000001011101100000101011
001000000000001100111111111111011000
001011001010011011001100100110011001
001011111111110111010000000001010111
001010110011001010001011001001100011
001011111111111100101111111111011110
001000011111111110111100010101110101
001000000000000000001111111111110011
001011111110001101000001000100010111
001011111111101100100000000000110101
001010110000111110011111010011100111
001000000000001001001111111110100101
001011110001110110010001011110111100
001011111111101010011111111110101111
001011101111010101111110001111110001
001000000000001101110000000000100010
001011001001111101010001111010110011
001000000000000000000000000000000011
001000111011111001000000000000111010
001011111111111001110000000001001001
001010110010111001000001100100010011
001000000000010111000000000001001101
001001001110010101000011011000000011
001000000000010101110000000001001010
001010110111101100010100110111100111
001000000000001111110000000000001010
001011110000010110011111001011100110
001000000000011000100000000000001010
001001001110000100110011100011110011
001011111111110010100000000000111000
001011101110011011001110111101100101
001000000000000100000000000001100000
001011001011110001101100110111000110
001011111111111010011111111110111010
001011101011011010101100000111011100
001011111111101010101111111110110001
001011100111100001001111101011110011
001000000000010010111111111110100111
001011001110101011010000100000000001
001011111111111111111111111111111001
001000011001110001000010001101001001
001000000000010111110000000000111110
001001000000010001100011000111110100
001000000000000110110000000000011111
001011011111110101100001011101011100
001011111111110011100000000001010011
001011001101001001111011101001110010
001000000000010101100000000001010010
001010110111110100011101100010010101
001011111111101100111111111110101010
001000001010101010101100101101011110
001011111111110001100000000000000000
001000100110001000101101111110111110
001011111111100111011111111110110011
001000111101111010100000010101010110
001000000000001110101111111111001010
001010101011110100011101000110100010
001000000000010010101111111111011001
001001010011011100010011100011010001
001011111111100111111111111111011001
001001001010101100110011111000101101
001000000000010100100000000000001011
001000101010001000100010001101010110
001000000000000010111111111110110100
001000000000111111000010001110111011
001000000000010101010000000000101111
001000000101110100110000000001100100
001011111111111110100000000000110010
001011011100101110111111011110010010
001000000000011000001111111110111111
001001001101100100010001011011010000
001000000000011001010000000001000011
001011010101111101100100101000101111
001000000000001110010000000000010101
001000000100111100010011011101000100
001000000000000101000000000000000010
001000101010000010010000101011101110
001000000000001110001111111111010011
001011011101111101000100101011110100
001000000000001111011111111110111000
001010110110000011111101011101010100
001011111111100111101111111110101001
001011000100101001010000101101101011
001011111111110100110000000000110000
001001001010110001001110011111111101
001011111111101000011111111110101101
001000100100100001101100001011001100
001011111111101111110000000000111000
001011100101010000101101100000110000
001011111111111101101111111111011100
001000111110101001101111010101100001
001011111111101011111111111110101100
001010101111001000100010101111010101
001000000000001111001111111110110001
001011011001001000100001111101100111
001000000000000000111111111110111010
001000110101010101110001101000100101
001011111111101000011111111111101001
001011101111011001011011111110010110
001011111111111110100000000000111000
001001010001100011100100111011011111
001011111111110000000000000000111100
001000000100001010101100011100100011
001000000000010011101111111110011011
001001000101000011001011100110011010
001000000000001100111111111110100000
001001001010010010101111111100110101
001011111111101101110000000000010010
001000000001011010111111101010010101
001011111111111010000000000000111101
001010111101101010001101000101110100
001000000000001100001111111111101100
001011000011010100111111101000001011
001000000000010010110000000001011010
001011010000010101001101001101010011
001011111111110011010000000000010010
001011001001011101101101001110100000
001000000000000111000000000000000000
001010110001110100111101010100101001
001000000000010101011111111111100110
001001010011011001001100000111010010
001011111111110111001111111111000101
001000011000001011110010010110000100
001011111111110000110000000000101001
001000000001111011011011011100110100
001011111111111011011111111111000101
001000100001011001111100100000101101
001011111111111100100000000000111011
001000111001101100010010000110110000
001011111111101101000000000000110000
001010101110000001010000001110011110
001000000000010010111111111111110101
001011100110111010001110110100111010
001000000000010111110000000000110100
001000000111001010110000001101011101
001000000000010111100000000000101011
001010111110011001001111000000011000
001000000000000010001111111111101001
001001000001001010110000101101100111
001011111111111010001111111110110100
001000100111111001110001111101011000
001000000000000000001111111110101001
001011100011000010101011011011011101
001000000000000101100000000000110101
001001000101101001110000001010110000
001011111111101101000000000001011100
001011100010010011001100010100000111
001011111111101011111111111111101000
001000000010101101000001001001100111
001011111111110000000000000001100100
001000100110011011111100110001001110
001000000000010101110000000001000110
001011000001011100001110000101010100
001000000000010100110000000000011100
001000111111000100111010111001000001
001000000000010001100000000000111111
001011001001100100111101100101011110
001000000000000000001111111111111010
001001001000101110101011110000000000
001000000000000100111111111111100101
001000001010000101010100011011011100
001011111111101000010000000000011000
001011011010101101110010101010110011
001011111111110010111111111111001110
001011101000110111100011111100000011
001000000000000000001111111111001011
001000110010010100001110100110100011
001011111111101100111111111111010100
001011111100100110110010100000100010
001011111111110010111111111111010101
001011100110001011010100111110111100
001011111111110100011111111110101001
001000001011011110000010011101100011
001000000000001101011111111111000001
001011101010101010100001100111001001
001011111111110010010000000000100011
001000111110010001101011011001010011
001000000000000000010000000000100100
001011110110000100011011001001101011
001011111111110110011111111110110001
001011001101001111000001100000100010
001011111111110111001111111111010001
001000100011010011000000001110001111
001011111111110100101111111111110110
001011101010110001101100101100101100
001011111111101010100000000001000000
001001000001110110001010110010110101
001000000000001001111111111110111110
001010101100011001100001111001001101
001000000000000000001111111110101000
001000111100101111100011101101101100
001000000000010100010000000000001110
001000110111111100100000011100000110
001000000000001011011111111111000100
001000011011010111011011110111000101
001011111111101100110000000000101110
001011101111100110101110101101001010
001000000000010111000000000001010100
001011111000010000001100010100001000
001011111111111111011111111110110011
001000010010111101010001000111010101
001000000000001110010000000000011110
001000010111001101001010110111011111
001011111111111010011111111111010101
001000110111000011101110111101111111
001000000000001011011111111111000000
001000000110101111010001001010000101
001000000000010100111111111110111000
001000111111010000110000100000110101
001000000000000001110000000000110100
001011001101001011100001100011011111
001000000000001111101111111111100101
001011101001111111101100011100000101
001000000000010001011111111111110001
001011111101110011000010110001100010
001011111111111110100000000000101001
001011011000110010100001001101101001
001011111111101010100000000000111010
001000110111110010000100100000101101
001000000000001111100000000000001010
001011011001110101111110010101001011
001011111111111111001111111111111101
001000010110101100000000001001100100
001011111111101100001111111111111111
001010101011011100001101001001010011
001000000000000001101111111111010010
001000000001010001111011000101111110
001011111111110110111111111111011011
001011001110010100110101000010010111
001000000000001010111111111110101011
001011010101000110110011011100111101
001000000000000110101111111111101101
001000000000111001011100011111010011
001000000000010110100000000000001010
001000101101100110100101001111100001
001011111111111000111111111111011000
001011110011110110010011111010110000
001000000000010010110000000001010111
001001010010111001100011111101011010
001011111111101110011111111110101000
001011001001000000100011001111001101
001000000000001000101111111111010000
001000110011000011011110111111011001
001011111111111001010000000000010000
001000000110101010111100001001110100
001011111111111101110000000000010010
001011100010110011101110111001011111
001011111111111000111111111110100111
001000010100100101101101100111011101
001000000000011000001111111110100010
001011111001000111101011011010010111
001000000000000001110000000000010111
001000000011001000100010011110011111
001011111111110110100000000000001111
001000100100001111001110010000110010
001000000000010110111111111111110111
001000111101110101111011111111100000
001000000000001100011111111111000101
001001000110101111111100100000010110
001011111111110001001111111111011101
001011100010011011000011100011111011
001011111111111000011111111110111101
001011100111101001000011101110000001
001011111111101011100000000001001100
001001001010100001111010111011101011
001011111111111100101111111111111110
001000111100011000111101010111100100
001011111111100110111111111111111010
001000110011000000011011000110110111
001000000000000011100000000000101101
001011010000010001010010110110110001
001000000000001110100000000000000101
001000011101000001011101010011011111
001000000000000000011111111110100101
001000010101101100000010011111001011
001011111111111110010000000001011000
001011010111111000010011111000000010
001011111111111101011111111110111010
001011101100000110011100011110001001
001000000000001101100000000000101001
001011110010001111100000110100100100
001011111111110001010000000000111001
001001000010110000101011001111011100
001000000000010101100000000000100111
001010110100001100000000101000001000
001011111111101010110000000000101010
001000000011111001110011000101111010
001011111111110111100000000000011001
001011011110010110101111100111000100
001000000000001011010000000000001010
001011000011000001110000000101010100
001000000000010101011111111110111011
001000110110100110010001011100111110
001000000000001110000000000000000101
001011101000011010010011001100001010
001011111111101010111111111111000010
001000101111011011111111000000100000
001011111111110011011111111111101100
001011010101001100000000101011111100
001000000000001110001111111110101110
001010111001101110010001001110001011
001011111111111100001111111111011100
001000010001011100100001010110001010
001000000000000100101111111110101101
001011111010010001101101001111010011
001011111111111001101111111111010100
001011001110001010000001111010100010
001011111111110100111111111111100010
001011011011010111101011110000101111
001000000000000001000000000000111000
001011100001101001111101010111111001
001000000000000101100000000000101011
001011101010100011001100010010101111
001011111111100110111111111111010111
001000000110001100100100011101100100
001000000000000000001111111110011100
001011000111011101000001010010000100
001000000000010010000000000000010111
001001000101001001101111101110001010
001000000000010110101111111110111110
001011111011011101001100011110000111
001011111111101110010000000001000111
001000001101011110000011101010000110
001011111111110101100000000000011101
001011110100000101000011111000110100
001011111111111001110000000000000001
001011111000011110111110100111000111
001011111111110101110000000001000000
001001000111110000011100001111011101
001000000000000010111111111110111111
001010110001000000100100000010110100
001011111111101000010000000000100111
001000100010110001101110101101001110
001011111111110101110000000000010000
001011100000010011010010111001101101
001000000000001101101111111110111011
001000011111101000101101001000010000
001000000000010111001111111110101010
001011000110001101001111100000110111
001011111111100111110000000001010100
001000100000001010101011000001011111
001000000000010010101111111110011111
001011000111000001100000010100001001
001011111111111100001111111110111111
001001001100001000011101011100001100
001000000000001001000000000000111101
001000001001111110011010101101001101
001000000000010001110000000000001100
001011011011000100100011000110110010
001000000000000011001111111111011011
001011010000101101101110001000000010
001011111111111011000000000000001111
001011111101110001101110000101011001
001000000000011000110000000000000011
001000001001101010001111000010001101
001000000000000111000000000001100011
001011101011000010001011000110011000
001000000000010110011111111111011110
001000001101000111101110110101000110
001000000000001001100000000000111100
001010111110101001111011010010011111
001011111111110100010000000001010101
001011101110110010010100000110110001
001000000000000011101111111111010001
001011010100001010001101001010110010
001000000000000001111111111110111101
001010110100010010011101011100001111
001000000000000000111111111111101011
001000100111101101110101010001101010
001000000000001011011111111111100101
001011101010001101001110011101001000
001011111111111100000000000001010000
001011100101011101000100111001101010
001000000000001010101111111111010101
001010111111000010010001000101110110
001011111111111010011111111111110010
001011011011100101010010010011101011
001011111111111010101111111111101100
001001000101001111111100111011010000
001000000000000111100000000000101111
001011010100100111100101000010110111
001011111111110011101111111111001000
001000111100101100100010011100000110
001011111111101111111111111111011101
001000101101011110100100010110011110
001000000000001001111111111111010011
001001001100100111100010010111001110
001011111111101001110000000001100000
001011111111001100000010001000010000
001000000000000100111111111110011011
001001000001100000001010101100111010
001000000000010001000000000000111010
001011101101100101110100011001000010
001011111111111111101111111110100001
001001001100000110110001010010100001
001011111111111101010000000000001100
001000011110110000100010111011100101
001011111111110110100000000001100100
001000111010100110000001001000011100
001011111111101100000000000000010100
001000001110011101001011001100001011
001011111111110001000000000000100010
001011010101000000101111010100110011
001011111111111011000000000001010110
001011110011100010010000101100010111
001011111111101111101111111110101100
001011111010010111000000001011001000
001011111111101011001111111110100111
001000110100001101101011110111010011
001011111111110101000000000001010011
001000000110011101110100101000110000
001011111111111010000000000001001101
001011101000001011110000100110011110
001000000000010000101111111111001100
001010111001110000011101100000000000
001011111111111101100000000000001111
001000010100101111100010110101111101
001000000000010100001111111111111100
001011011010001110101101101100011110
001011111111111000111111111110111010
001000101110001001000011100110000110
001011111111100111000000000000101111
001000010111011010101100110101110111
001011111111111110001111111111010110
001011011000000011011110111000011011
001011111111110011110000000001100010
001010110011100001100001101011001101
001011111111111011101111111111111001
001011110110001101010010010010010000
001011111111101011011111111110111010
001011011001101010101101011000110101
001011111111110101001111111110111010
001011110001011011000100010101000111
001000000000000000100000000001010000
001000111001101111101110001111011101
001000000000010000011111111110110110
001000011011100001000011001011101000
001011111111111010010000000000100010
001000001110011111101110101100001101
001000000000001100010000000000100110
001000111110101011100100101010110000
001011111111110001111111111111111111
001000011101011111011100101101010010
001011111111111001010000000000110001
001010111110100000001100111100011000
001011111111111000001111111111101100
001010101100101010011101100000001011
001011111111111111110000000000010000
001000111010000010110000101110000010
001011111111111011101111111111011000
001011110010100011011110100110010011
001011111111100110100000000000011110
001011011110101111110000100100111110
001000000000001010011111111111100001
001000111011100111110000001000011011
001011111111111000000000000000101010
001001010101000100111010101111000011
001000000000010011001111111111000011
001000011101101111100001011001101010
001011111111101010011111111111011000
001011100011111011110010110101000111
001000000000010001011111111111100111
001000001010011101000001101100101111
001011111111101110000000000000101100
001000010111100110111101010000100000
001011111111110011100000000000000101
001011110000001001111101100000000001
001000000000001111100000000001001111
001011001000011001101101001111010111
001000000000010110101111111111111101
001011110011101101000011000101100110
001000000000001000100000000001001110
001000000101010100101011000010110101
001011111111101010001111111111010111
001010110010010110000101001000101001
001011111111110111111111111111011100
001011100011101100011110011001001000
001011111111111010100000000001100100
001011101100000100001011010001010011
001011111111110000001111111110100111
001011111100011010000011110001001011
001011111111110011010000000000001011
001000110001101011011011011100100001
001000000000001000000000000000101010
001000100101010111001110010100001110
001000000000000101000000000001000001
001011010110011110011101100000100101
001011111111111001011111111110100110
001011111100110111001111010101111111
001011111111101111010000000000001000
001000101001110111001100010000011001
001000000000001100011111111111110100
001000011001001001111110101011001100
001000000000000110001111111111001100
001011010001101100101111110001110001
001000000000011000001111111111011100
001001001111111001101110010001011001
001011111111101011001111111110111010
001000100011110011011101110111100001
001011111111111110100000000000110101
001000001101000111100001001100100011
001000000000001000010000000001100101
001001010011101111111110100000111011
001000000000010111001111111110011011
001011000010111010001100011101001111
001000000000001100101111111111001001
001011101101001000110001000111110011
001000000000000001111111111111110111
001000001001100010001110111000010100
001011111111110101111111111110101001
001001000111101100100011001011001000
001011111111111000000000000000111100
001000100001000011011111000010011110
001011111111110110011111111111011100
001001001011010011111010110100100000
001000000000010111000000000001001110
001000101110110100111100100010001101
001011111111110110100000000000101101
001011000101101011000011001101100011
001000000000010111001111111111000010
001010110011000010111111001001101110
001011111111101101010000000000001010
001000001011111100110011110101111111
001000000000001101111111111111001100
001001000110101101101011111000000011
001000000000010101111111111110111001
001011110010100000011100010111000001
001011111111110000111111111111000011
001001010101001001001101001100010001
001011111111110100011111111111110111
001000010001001000001111111000101101
001011111111111111101111111110111001
001000011110001111001100001101010100
001000000000010011011111111110110110
001001000111010010101110000111011101
001000000000001010101111111110111100
001000110010111100001100111100010111
001000000000010101101111111111010110
001000010101001101101111100000111010
001011111111101110101111111111010000
001011000110100001111100010111100000
001011111111101001000000000000011111
001000110000010000100101010000011101
001011111111110101101111111110101010
001011000110111111100101000111110101
001000000000010100000000000001000100
001000011001101011010101001011001111
001011111111111010010000000000010000
001010111100010101101100001111001110
001011111111111100100000000000001111
001011010110000111110010111111010010
001000000000000101101111111111001111
001000101100100110001111011101101100
001000000000000110111111111110101101
001011101101000100101110011110100101
001000000000000001100000000001001111
001010101101111110001010110101001000
001000000000001000011111111111001001
001011101101101100111110010101100110
001000000000000000101111111111011001
001000111010110100001111001111010111
001000000000010100100000000000101010
001011100010011001010000000010101111
001011111111110001100000000000010111
001011000100100101010011010001100110
001000000000001011101111111110111011
001000001001011001000010100111110111
001000000000010110110000000001011001
001011111101111010000000101111110000
001011111111111111001111111110101011
001011101010010100000011101001101001
001011111111111111001111111110100101
001000111110111010100011011110111111
001000000000010011101111111111010101
001000101001101111101101011100000110
001011111111101110110000000001010101
001010111100000101001100110000100111
001011111111110011001111111110011111
001000110011011011111110001010100101
001000000000011000011111111111111011
001000101101111101010011011010011100
001000000000010101011111111111100100
001000001000101110011011100101100111
001011111111101000111111111111011100
001000001010001110011011000101100000
001011111111111100111111111110110101
001011101110000000111110011100000110
001011111111100111110000000001011100
001000010110101111010011000100110010
001011111111110001010000000001000101
001011010100101011110010101110110011
001000000000000100000000000000001001
001011010101010101101011000110110111
001000000000001101011111111111010110
001000100110000011111101101101011010
001011111111111000110000000001001011
001011100110110001000000111101000110
001011111111111001101111111110100100
001011111011100001001110110011000111
001000000000010000011111111111010000
001011010111100110100100111101001010
001000000000010000010000000000110011
001010101101001100011100110010101011
001000000000001001110000000001000111
001001010010000111110100011100011111
001011111111110111000000000000000000
001001000000111101010011011111100010
001011111111111100110000000000010100
001000001011011001101111101110100010
001000000000010101101111111110101001
001011010110010100000010110110010010
001000000000001101000000000000010010
001000100111000110100100111010101101
001000000000010010110000000001001110
001000110000000011010011111101110101
001011111111101111101111111110101010
001001000100001001111101111101111000
001011111111101011000000000001100100
001000111100110010111100010000000000
001000000000001011100000000000000001
001010111000001110000100101000111011
001000000000010001110000000000100010
001011010010000100000000111110100111
001000000000001101011111111111110010
001011111110110001001110001011000101
001000000000010011011111111111101011
001000100001111011000000010111101110
001011111111110100111111111111001101
001011100110011100000000010110110001
001011111111110100011111111111000111
001010110100100001110010100100101100
001000000000000010000000000000000110
001011010101010110001110101101011111
001011111111101010010000000000000101
001011111001101101111011100001101101
001000000000010111010000000001011000
001000100110111000100000111010100011
001011111111101001101111111110100001
001011011110101011000011000010000001
001011111111110011111111111111110111
001000011001010011110001010011000011
001011111111110100100000000000111010
001000101111001001110000000011111010
001000000000000101001111111110100101
001000101111101010011101000010111110
001000000000010000000000000001100100
001000100000000100111110100000110111
001000000000010000011111111111001001
001011000000100011110000111000110011
001000000000000011100000000001011011
001011111010100011111101100000000111
001011111111101000000000000000011000
001010111001010101010000010011100010
001000000000000000110000000000110110
001001000000010000111100110100101110
001011111111111010100000000001100011
001011001111010110000010101001110110
001011111111111100011111111110110110
001001000000001010000001100000010110
001000000000010011100000000000100110
001011000100011111000001101000100110
001000000000001100000000000000100000
001011110000011110011110011011000110
001000000000001010011111111111010000
001010101111100000101011100001110111
001000000000001111111111111110101101
001000111110011000001111000000111011
001000000000010101100000000000001110
001000011110011100111011101100110110
001011111111110101001111111111100110
001000111011101001010100010000011000
001000000000001110000000000001010110
001010110010111011010101010100110101
001011111111101111110000000000001000
001011100111110001110101001000111001
001011111111110001101111111110110100
001010110010110100100011101100001011
001011111111110110100000000000011000
001000100110111111010001100111001001
001000000000010010001111111111110110
001010110011111000001101100100010110
001000000000000111100000000000001000
001011011110001100010000010011011111
001011111111110111011111111110100001
001011110000011000011100111111101010
001000000000001001010000000001000111
001001001000111000111100010010111010
001000000000001011000000000000011111
001011101001000100100000100100101000
001000000000010000111111111111110010
001011010000010101100100100010101110
001000000000010110110000000001011101
001010111111001011011111110000111110
001000000000010110010000000000011101
001011110010101101010100001100110111
001011111111111111011111111111011001
001010111000010101001111100101000001
001000000000010110100000000000111101
001011011110110110110001001101000000
001011111111101000010000000001001101
001010111000111010101101111111111100
001011111111101000000000000000010000
001011010000110101010001111100110001
001011111111110011110000000001001100
001001010100011110101100000000101000
001011111111101010011111111111010010
001001010101000000000001101001000010
001011111111110110000000000001001100
001011000010011011101011100111000110
001011111111111010001111111111100111
001000010100110001111111010010001111
001011111111111001011111111111110010
001000011001110100101011110101001000
001011111111111000000000000001001110
001001001101001011001110010101101111
001011111111111101010000000000000101
001011111100011011101010110011111110
001000000000001000011111111110100010
001010110001000010010000101000101010
001000000000000000111111111111011110
001000110100110001111111011011000001
001000000000000111111111111110011110
001011101001100100101100010111011110
001011111111101011111111111110100110
001000010001001000010011111100001010
001011111111111010111111111111000111
001011100001010110010100101111010100
001011111111110000110000000001001010
001001000011110001001110100101110101
001000000000000000101111111111100111
001011111010111010000000101011001001
001011111111111101000000000000000101
001000000000101110010011110011110111
001000000000001000000000000000011011
001010111001001111001011111101100110
001000000000010010011111111110011101
001000000001101001100000001111100011
001011111111111111101111111111011001
001011010100101110010100010101111000
001000000000001010100000000000001010
001000011000010100000000110011110010
001011111111111001000000000001011010
001011101110110010100000000000100010
001011111111111000000000000001000110
001000110110000001001101000101011011
001011111111101000100000000001100000
001000110111110111001110110100110010
001011111111111011100000000000110010
001011101100000110100101001100110000
001000000000011000011111111111010101
001010110111000000111101100001101110
001011111111111010100000000000000111
001011001000011100001111111000111011
001011111111101110011111111111100010
001011100011100011110010000000010011
001011111111110001101111111111010010
001000011101110001111101011011100001
001000000000001011010000000000000101
001010110011111000001011011010011000
001011111111111000100000000001010010
001000101011000110111111001111001101
001000000000010110101111111110110010
001011101010000010110001111110001101
001011111111111110011111111111100100
001000010010001000010100110010101110
001011111111110011101111111110101111
001011110111111111101011010110000000
001000000000000101100000000000000000
001011011011110011010011010110010111
001000000000001000001111111111011010
001000111110111111010001111100011011
001011111111101100110000000000111101
001001001001001101000011011100010100
001000000000010010100000000000000100
001011110101110111000011011100111110
001000000000000101011111111111110101
001011011010111100001111110110111000
001011111111110101011111111110110000
001000011000011101010010100111111110
001000000000001110110000000000100100
001010110100010101001111011001100110
001000000000000000010000000000000111
001001000010111111101101111010110100
001000000000001111111111111111010100
001000011101011010000010011101100101
001011111111110000011111111110101111
001000000111011000001100010000101010
001011111111110010101111111110011100
001000100010001111000001000011000111
001000000000010111100000000000101000
001011001111000010001111000001011011
001000000000011000111111111111001111
001000110111110111100000000101001011
001011111111111000101111111110100001
001000110001000010101100010111001111
001011111111110010101111111110011101
001001000011010000110010011001000010
001000000000010111111111111111011011
001000100100110010000001101111110111
001011111111110110101111111110011100
001011011001110100111101010110000111
001011111111100110100000000001000110
001001010011101101100100101111111000
001011111111110010010000000000000111
001010111111110010000010101010110011
001000000000000110011111111110101111
001001000010011100011111101100100110
001011111111101001000000000000001010
001000110010011101101011000000010011
001000000000000100011111111111100000
001000001010101010100001110110110001
001011111111101101010000000001010000
001011111111010000001111100011110001
001000000000000111000000000000111110
001001000000111110011100110011010110
001000000000010101110000000001000111
001000000101110000101011101111100010
001000000000001100001111111111011010
001001000110010100100001000110110100
001000000000010101011111111111010001
001010111011010100100100101100011110
001011111111110111111111111111010100
001011111011010101010010010110001111
001000000000000101101111111111000010
001011100000010101111100110010001100
001011111111111100110000000000111000
001010111101001010101110111010100101
001011111111110110101111111111111010
001000010011000100100100001010011011
001011111111101110101111111110011110
001011011100011011110010101101100100
001000000000000011101111111111010010
001000010111111101011011010110111001
001011111111110011100000000001001001
001000001111110110011011011101001011
001000000000010110000000000000101011
001001010010100110110010100011001101
001011111111111111111111111110011100
001000000000110110110000101111101011
001000000000010010010000000000000001
001000010111110101100101010000011011
001000000000010101111111111110100001
001000001001011001110010010101010001
001000000000010001011111111110100101
001011100010000101011101000001000011
001000000000010111101111111111111010
001000111110101001000010111011111111
001000000000001101011111111111011001
001000101000110010100100001110000110
001000000000000001001111111111111100
001001001001011111001110100101000011
001011111111110111110000000001000111
001000111011010011111011010111010001
001011111111101001011111111110111101
001010110010000100101100100000000010
001000000000001001001111111110110101
001000001111110000010001011011010000
001000000000011001100000000000110001
001001000011010100111110011011110011
001011111111110101010000000000101000
001011100100111111111101101000111100
001000000000000100000000000000001101
001000001001011111011010111100110100
001011111111111111100000000001000110
001000110000011111010010111000101000
001011111111101011011111111110110111
001010101100010111100011001110011110
001000000000011000100000000000001100
001000111101010101101100001011101100
001011111111110100001111111111111101
001001001110110110000001110001101000
001011111111110000111111111110100001
001011100111010001110100100101110001
001011111111111111010000000000010101
001001000000101101100010110001111010
001011111111110001011111111110100101
001000001111000111110000100001100000
